scenario,node_id,handshake_index,sta_cert_algo,ap_cert_algo,handshake_delay_ms,goodput_kbps,throughput_kbps,phy_frame_drop_rate,mac_retries,mac_retry_rate,tx_delay_us,prop_delay_ns,cert_verify_ap_us,cert_verify_sta_us,server_cert_msg_bytes,client_cert_msg_bytes
1,8,0,RSA-SHA224_signed-by_RSA-SHA512,RSA-SHA224_signed-by_RSA-SHA512,28.713,1456.9,597.915,0.714286,14,0.666667,197.81,14,1180.05,1311.7,2116,2113
1,3,0,RSA-SHA224_signed-by_RSA-SHA512,RSA-SHA224_signed-by_RSA-SHA512,43.757,955.996,392.344,1,14,0.666667,188.286,24,1186.33,1151.45,2116,2113
1,2,0,RSA-SHA224_signed-by_RSA-SHA512,RSA-SHA224_signed-by_RSA-SHA512,54.841,762.787,175.635,1,1,0.0625,226.75,24,1263.01,1175.12,2116,2113
1,6,0,RSA-SHA224_signed-by_RSA-SHA512,RSA-SHA224_signed-by_RSA-SHA512,64.862,644.937,140.359,1,0,0,164.667,8,1204.89,1203.78,2116,2113
1,7,0,RSA-SHA224_signed-by_RSA-SHA512,RSA-SHA224_signed-by_RSA-SHA512,68.469,610.96,132.965,1,0,0,155.867,16,1171.1,1179.58,2116,2113
1,5,0,RSA-SHA224_signed-by_RSA-SHA512,RSA-SHA224_signed-by_RSA-SHA512,72.695,575.443,147.905,1,8,0.421053,212.526,15,1143.03,1236.04,2116,2113
1,8,1,RSA-SHA224_signed-by_RSA-SHA512,RSA-SHA224_signed-by_RSA-SHA512,48.285,866.346,491.078,1,20,0.952381,1052.29,14,1178.81,1166.04,2116,2113
1,6,1,RSA-SHA224_signed-by_RSA-SHA512,RSA-SHA224_signed-by_RSA-SHA512,14.003,2987.23,927.759,1,0,0,138.8,8,1164.85,1120.39,2116,2113
1,3,1,RSA-SHA224_signed-by_RSA-SHA512,RSA-SHA224_signed-by_RSA-SHA512,36.763,1137.87,638.027,1,20,1,1036.8,24,1131.24,1097.91,2116,2113
1,2,1,RSA-SHA224_signed-by_RSA-SHA512,RSA-SHA224_signed-by_RSA-SHA512,27.15,1540.72,478.509,1,0,0,918.8,24,1127.75,1100.18,2116,2113
1,5,1,RSA-SHA224_signed-by_RSA-SHA512,RSA-SHA224_signed-by_RSA-SHA512,18.927,2210.12,1071.88,0.947368,11,0.578947,347.263,15,1111.26,1177.19,2116,2113
1,7,1,RSA-SHA224_signed-by_RSA-SHA512,RSA-SHA224_signed-by_RSA-SHA512,24.105,1735.37,1043.41,1,22,1.29412,240.588,16,1215.96,1123.39,2116,2113
1,6,2,RSA-SHA224_signed-by_RSA-SHA512,RSA-SHA224_signed-by_RSA-SHA512,14.374,2910.24,903.848,1,0,0,138.8,8,1150.29,1222.64,2116,2113
1,3,2,RSA-SHA224_signed-by_RSA-SHA512,RSA-SHA224_signed-by_RSA-SHA512,13.856,3019.02,937.633,1,4,0.4,138.8,24,1109.29,1094.22,2116,2113
1,1,0,RSA-SHA224_signed-by_RSA-SHA512,RSA-SHA224_signed-by_RSA-SHA512,100.086,417.959,170.093,1,13,0.5,239.231,24,1193.51,1181.35,2116,2113
1,8,2,RSA-SHA224_signed-by_RSA-SHA512,RSA-SHA224_signed-by_RSA-SHA512,23.585,1773.62,961.942,0.789474,15,0.789474,125.789,14,1143.52,1124.62,2116,2113
1,2,2,RSA-SHA224_signed-by_RSA-SHA512,RSA-SHA224_signed-by_RSA-SHA512,20.444,2046.13,762.26,1,7,0.636364,206,24,1139.25,1193.3,2116,2113
1,5,2,RSA-SHA224_signed-by_RSA-SHA512,RSA-SHA224_signed-by_RSA-SHA512,18.595,2249.62,709.003,0.636364,5,0.454545,261.636,15,1148.08,1124.24,2116,2113
1,7,2,RSA-SHA224_signed-by_RSA-SHA512,RSA-SHA224_signed-by_RSA-SHA512,20.848,2006.49,635.447,0.363636,0,0,139.455,16,1150.01,1115.53,2116,2113
1,6,3,RSA-SHA224_signed-by_RSA-SHA512,RSA-SHA224_signed-by_RSA-SHA512,21.725,1925.49,598.011,0.4,0,0,138.8,8,1152.26,1208.97,2116,2113
1,3,3,RSA-SHA224_signed-by_RSA-SHA512,RSA-SHA224_signed-by_RSA-SHA512,21.775,1921.08,704.652,0.285714,3,0.214286,192.286,24,1130.82,1159.84,2116,2113
1,8,3,RSA-SHA224_signed-by_RSA-SHA512,RSA-SHA224_signed-by_RSA-SHA512,16.204,2581.58,668.475,0.571429,0,0,178.571,14,1141.76,1140.54,2116,2113
1,2,3,RSA-SHA224_signed-by_RSA-SHA512,RSA-SHA224_signed-by_RSA-SHA512,14.879,2811.31,1018.29,0.307692,0,0,311.538,24,1124.56,1129.44,2116,2113
1,1,1,RSA-SHA224_signed-by_RSA-SHA512,RSA-SHA224_signed-by_RSA-SHA512,19.202,2178.49,924.058,0.642857,7,0.5,888.286,24,1152.27,1146.1,2116,2113
1,6,4,RSA-SHA224_signed-by_RSA-SHA512,RSA-SHA224_signed-by_RSA-SHA512,16.098,2598.45,688.745,1,0,0,149,8,1142.95,1154.92,2116,2113
1,1,2,RSA-SHA224_signed-by_RSA-SHA512,RSA-SHA224_signed-by_RSA-SHA512,16.877,2478.51,800.101,1,4,0.333333,845,24,1131.82,1174.99,2116,2113
1,7,3,RSA-SHA224_signed-by_RSA-SHA512,RSA-SHA224_signed-by_RSA-SHA512,24.85,1683.36,724.336,1,7,0.466667,130,16,1150.24,1169.13,2116,2113
1,5,3,RSA-SHA224_signed-by_RSA-SHA512,RSA-SHA224_signed-by_RSA-SHA512,35.266,1186.15,711.828,1,17,0.73913,341.826,15,1139.57,1105.2,2116,2113
1,2,4,RSA-SHA224_signed-by_RSA-SHA512,RSA-SHA224_signed-by_RSA-SHA512,29.042,1440.37,577.91,1,11,1.1,292.4,24,1153.05,1105.47,2116,2113
1,6,5,RSA-SHA224_signed-by_RSA-SHA512,RSA-SHA224_signed-by_RSA-SHA512,15.881,2633.94,1011.47,1,8,0.533333,183.067,8,1186.25,1166.91,2116,2113
1,7,4,RSA-SHA224_signed-by_RSA-SHA512,RSA-SHA224_signed-by_RSA-SHA512,22.378,1869.3,614.877,1,0,0,123.846,16,1149.05,1128.84,2116,2113
1,8,4,RSA-SHA224_signed-by_RSA-SHA512,RSA-SHA224_signed-by_RSA-SHA512,44.641,937.062,893.157,1,57,1.72727,299.697,14,1198.2,1133.41,2116,2113
1,1,3,RSA-SHA224_signed-by_RSA-SHA512,RSA-SHA224_signed-by_RSA-SHA512,25.872,1616.84,997.501,1,31,1.29167,1543.67,24,1145.97,1122.87,2116,2113
1,5,4,RSA-SHA224_signed-by_RSA-SHA512,RSA-SHA224_signed-by_RSA-SHA512,17.39,2405.49,1089.35,1,13,1,350.923,15,1112.73,1126.52,2116,2113
1,6,6,RSA-SHA224_signed-by_RSA-SHA512,RSA-SHA224_signed-by_RSA-SHA512,17.82,2347.42,850.262,1,0,0,204.154,8,1147.71,1148.49,2116,2113
1,5,5,RSA-SHA224_signed-by_RSA-SHA512,RSA-SHA224_signed-by_RSA-SHA512,13.301,3144.99,1123.51,0.714286,0,0,222.857,15,1155.33,1132.07,2116,2113
1,7,5,RSA-SHA224_signed-by_RSA-SHA512,RSA-SHA224_signed-by_RSA-SHA512,17.403,2403.68,1088.53,1,11,0.846154,242,16,1147.1,1178.95,2116,2113
1,2,5,RSA-SHA224_signed-by_RSA-SHA512,RSA-SHA224_signed-by_RSA-SHA512,33.366,1253.72,1185.38,1,37,1.02778,200.778,24,1148.66,1105.37,2116,2113
1,1,4,RSA-SHA224_signed-by_RSA-SHA512,RSA-SHA224_signed-by_RSA-SHA512,18.544,2255.78,827.42,0.714286,3,0.214286,1338,24,1164.4,1124.52,2116,2113
1,6,7,RSA-SHA224_signed-by_RSA-SHA512,RSA-SHA224_signed-by_RSA-SHA512,19.3,2167.42,673.147,1,0,0,138.8,8,1130.15,1110.9,2116,2113
1,8,5,RSA-SHA224_signed-by_RSA-SHA512,RSA-SHA224_signed-by_RSA-SHA512,25.121,1665.16,618.424,1,4,0.266667,197.733,14,1150.69,1127.68,2116,2113
1,3,4,RSA-SHA224_signed-by_RSA-SHA512,RSA-SHA224_signed-by_RSA-SHA512,72.301,578.575,837.601,1,90,2.19512,200.146,24,1109.56,1116.75,2116,2113
1,5,6,RSA-SHA224_signed-by_RSA-SHA512,RSA-SHA224_signed-by_RSA-SHA512,13.633,3068.23,952.918,0.8,0,0,274.4,15,1140.04,1117.58,2116,2113
1,7,6,RSA-SHA224_signed-by_RSA-SHA512,RSA-SHA224_signed-by_RSA-SHA512,13.499,3098.68,962.375,1,0,0,149.6,16,1142.08,1102.28,2116,2113
1,2,6,RSA-SHA224_signed-by_RSA-SHA512,RSA-SHA224_signed-by_RSA-SHA512,16.876,2478.77,800.183,1,0,0,184,24,1113.16,1208.82,2116,2113
1,1,5,RSA-SHA224_signed-by_RSA-SHA512,RSA-SHA224_signed-by_RSA-SHA512,17.385,2406.19,1089.66,1,11,0.846154,179.231,24,1141.04,1106.39,2116,2113
1,6,8,RSA-SHA224_signed-by_RSA-SHA512,RSA-SHA224_signed-by_RSA-SHA512,16.574,2523.94,783.874,1,4,0.4,138.8,8,1160.99,1122.88,2116,2113
1,8,6,RSA-SHA224_signed-by_RSA-SHA512,RSA-SHA224_signed-by_RSA-SHA512,15.545,2691.02,852.235,1,0,0,138.364,14,1122.15,1109.13,2116,2113
1,3,5,RSA-SHA224_signed-by_RSA-SHA512,RSA-SHA224_signed-by_RSA-SHA512,14.479,2888.97,897.242,1,0,0,138.8,24,1131.87,1112.15,2116,2113
1,5,7,RSA-SHA224_signed-by_RSA-SHA512,RSA-SHA224_signed-by_RSA-SHA512,17.568,2381.11,1092.88,1,11,0.785714,328.571,15,1135.94,1141.56,2116,2113
1,7,7,RSA-SHA224_signed-by_RSA-SHA512,RSA-SHA224_signed-by_RSA-SHA512,17.093,2447.29,1801.89,0.68,32,1.28,149.84,16,1130.18,1332.4,2116,2113
1,2,7,RSA-SHA224_signed-by_RSA-SHA512,RSA-SHA224_signed-by_RSA-SHA512,15.676,2668.5,828.77,1,0,0,203.6,24,1140.26,1111.54,2116,2113
1,6,9,RSA-SHA224_signed-by_RSA-SHA512,RSA-SHA224_signed-by_RSA-SHA512,12.389,3376.28,1238.42,0.428571,3,0.214286,192.286,8,1149.17,1232.1,2116,2113
1,1,6,RSA-SHA224_signed-by_RSA-SHA512,RSA-SHA224_signed-by_RSA-SHA512,15.586,2683.91,833.556,1,0,0,149.6,24,1162.02,1095.58,2116,2113
1,3,6,RSA-SHA224_signed-by_RSA-SHA512,RSA-SHA224_signed-by_RSA-SHA512,11.501,3636.95,941.754,0.428571,0,0,164.857,24,1223.95,1109.91,2116,2113
1,8,7,RSA-SHA224_signed-by_RSA-SHA512,RSA-SHA224_signed-by_RSA-SHA512,14.405,2903.95,901.897,1,0,0,149.6,14,1125.36,1203.51,2116,2113
1,5,8,RSA-SHA224_signed-by_RSA-SHA512,RSA-SHA224_signed-by_RSA-SHA512,14.9,2807.47,871.933,0.8,0,0,284,15,1151.18,1169.03,2116,2113
1,7,8,RSA-SHA224_signed-by_RSA-SHA512,RSA-SHA224_signed-by_RSA-SHA512,14.933,2801.27,870.005,1,0,0,149.6,16,1154.47,1098.08,2116,2113
1,2,8,RSA-SHA224_signed-by_RSA-SHA512,RSA-SHA224_signed-by_RSA-SHA512,12.365,3382.83,1071.33,1,4,0.363636,188.545,24,1151.48,1111.87,2116,2113
1,6,10,RSA-SHA224_signed-by_RSA-SHA512,RSA-SHA224_signed-by_RSA-SHA512,12.17,3437.03,1083.23,1,7,0.636364,129.636,8,1191.41,1106.94,2116,2113
1,1,7,RSA-SHA224_signed-by_RSA-SHA512,RSA-SHA224_signed-by_RSA-SHA512,14.401,2904.77,752.163,1,0,0,382,24,1135.16,1114.67,2116,2113
1,3,7,RSA-SHA224_signed-by_RSA-SHA512,RSA-SHA224_signed-by_RSA-SHA512,19.383,2158.13,1213.41,1,17,0.85,236,24,1150.16,1131.83,2116,2113
1,8,8,RSA-SHA224_signed-by_RSA-SHA512,RSA-SHA224_signed-by_RSA-SHA512,20.547,2035.88,819.178,1,2,0.166667,143,14,1179.43,1108.62,2116,2113
1,7,9,RSA-SHA224_signed-by_RSA-SHA512,RSA-SHA224_signed-by_RSA-SHA512,14.392,2906.43,902.668,1,0,0,149.6,16,1149.31,1198.1,2116,2113
1,5,9,RSA-SHA224_signed-by_RSA-SHA512,RSA-SHA224_signed-by_RSA-SHA512,21.709,1926.9,1149.73,1,13,0.8125,294.5,15,1219.35,1129.67,2116,2113
1,6,11,RSA-SHA224_signed-by_RSA-SHA512,RSA-SHA224_signed-by_RSA-SHA512,19.398,2156.48,781.099,1,0,0,124.769,8,1134.17,1098.03,2116,2113
1,1,8,RSA-SHA224_signed-by_RSA-SHA512,RSA-SHA224_signed-by_RSA-SHA512,17.749,2356.84,1310.71,0.947368,17,0.894737,269.368,24,1268.55,1106.59,2116,2113
1,2,9,RSA-SHA224_signed-by_RSA-SHA512,RSA-SHA224_signed-by_RSA-SHA512,22.102,1892.64,711.594,1,5,0.3125,445.25,24,1149.43,1132.06,2116,2113
1,3,8,RSA-SHA224_signed-by_RSA-SHA512,RSA-SHA224_signed-by_RSA-SHA512,16.767,2494.87,1073.52,0.533333,7,0.466667,121.2,24,1183.36,1194.42,2116,2113
1,8,9,RSA-SHA224_signed-by_RSA-SHA512,RSA-SHA224_signed-by_RSA-SHA512,15.243,2744.32,852.319,0.8,0,0,148.4,14,1151.8,1158.45,2116,2113
1,7,10,RSA-SHA224_signed-by_RSA-SHA512,RSA-SHA224_signed-by_RSA-SHA512,15.129,2765,1252.16,0.615385,11,0.846154,179.231,16,1114.93,1123.47,2116,2113
1,5,10,RSA-SHA224_signed-by_RSA-SHA512,RSA-SHA224_signed-by_RSA-SHA512,11.186,3739.37,1161.36,0,0,0,203.6,15,1264.28,1127.58,2116,2113
1,6,12,RSA-SHA224_signed-by_RSA-SHA512,RSA-SHA224_signed-by_RSA-SHA512,11.135,3756.5,1166.68,0,0,0,138.8,8,1110.71,1115.21,2116,2113
1,2,10,RSA-SHA224_signed-by_RSA-SHA512,RSA-SHA224_signed-by_RSA-SHA512,11.125,3759.87,1167.72,0.3,4,0.4,203.6,24,1148.37,1117.01,2116,2113
1,1,9,RSA-SHA224_signed-by_RSA-SHA512,RSA-SHA224_signed-by_RSA-SHA512,14.591,2866.94,907.946,0.363636,0,0,139.455,24,1138.45,1116.69,2116,2113
1,3,9,RSA-SHA224_signed-by_RSA-SHA512,RSA-SHA224_signed-by_RSA-SHA512,13.755,3041.19,944.52,0.4,0,0,143.6,24,1140.92,1131.55,2116,2113
1,8,10,RSA-SHA224_signed-by_RSA-SHA512,RSA-SHA224_signed-by_RSA-SHA512,12.666,3302.69,1082.58,0.363636,1,0.0909091,131.091,15,1139.91,1166.06,2116,2113
1,7,11,RSA-SHA224_signed-by_RSA-SHA512,RSA-SHA224_signed-by_RSA-SHA512,12.41,3370.82,1046.89,0.4,0,0,149.6,16,1114.96,1095.44,2116,2113
1,5,11,RSA-SHA224_signed-by_RSA-SHA512,RSA-SHA224_signed-by_RSA-SHA512,12.165,3438.7,1067.98,0.4,0,0,203.6,15,1126.59,1188.95,2116,2113
1,6,13,RSA-SHA224_signed-by_RSA-SHA512,RSA-SHA224_signed-by_RSA-SHA512,12.982,3222.27,1000.76,0.4,0,0,138.8,8,1105.92,1128.62,2116,2113
1,2,11,RSA-SHA224_signed-by_RSA-SHA512,RSA-SHA224_signed-by_RSA-SHA512,13.396,3122.69,1159.74,0.0666667,4,0.266667,275.067,24,1160.33,1132.86,2116,2113
1,1,10,RSA-SHA224_signed-by_RSA-SHA512,RSA-SHA224_signed-by_RSA-SHA512,11.774,3552.61,1103.35,0.5,0,0,149.6,24,1166.65,1117.26,2116,2113
1,3,10,RSA-SHA224_signed-by_RSA-SHA512,RSA-SHA224_signed-by_RSA-SHA512,13.925,3004.04,932.981,1,0,0,138.8,24,1353.59,1205.5,2116,2113
1,8,11,RSA-SHA224_signed-by_RSA-SHA512,RSA-SHA224_signed-by_RSA-SHA512,14.232,2939.23,1078.11,1,7,0.5,118.571,15,1155.96,1108.7,2116,2113
1,5,12,RSA-SHA224_signed-by_RSA-SHA512,RSA-SHA224_signed-by_RSA-SHA512,15.299,2734.22,865.916,1,0,0,183.091,15,1139.93,1132.22,2116,2113
1,6,14,RSA-SHA224_signed-by_RSA-SHA512,RSA-SHA224_signed-by_RSA-SHA512,14.474,2890.09,897.591,1,4,0.4,138.8,8,1138.48,1118.85,2116,2113
1,7,12,RSA-SHA224_signed-by_RSA-SHA512,RSA-SHA224_signed-by_RSA-SHA512,18.418,2271.17,977.266,1,7,0.466667,154,16,1127.56,1243.91,2116,2113
1,1,11,RSA-SHA224_signed-by_RSA-SHA512,RSA-SHA224_signed-by_RSA-SHA512,13.333,3137.42,974.406,1,0,0,149.6,24,1109.07,1161.63,2116,2113
1,2,12,RSA-SHA224_signed-by_RSA-SHA512,RSA-SHA224_signed-by_RSA-SHA512,15.722,2660.65,1261.89,1,16,0.941176,198.941,24,1137.66,1135.75,2116,2113
1,8,12,RSA-SHA224_signed-by_RSA-SHA512,RSA-SHA224_signed-by_RSA-SHA512,11.567,3616.43,1326.51,1,11,0.785714,118.571,15,1114.17,1133.88,2116,2113
1,5,13,RSA-SHA224_signed-by_RSA-SHA512,RSA-SHA224_signed-by_RSA-SHA512,10.314,4055.46,1329.33,1,1,0.0909091,141.273,15,1171.95,1113,2116,2113
1,6,15,RSA-SHA224_signed-by_RSA-SHA512,RSA-SHA224_signed-by_RSA-SHA512,13.975,2993.27,1105.95,1,3,0.2,181.733,8,1668.85,1604.41,2116,2113
1,7,13,RSA-SHA224_signed-by_RSA-SHA512,RSA-SHA224_signed-by_RSA-SHA512,13.743,3043.79,1710.2,1,10,0.625,148.25,16,1149.32,1130.61,2116,2113
1,3,11,RSA-SHA224_signed-by_RSA-SHA512,RSA-SHA224_signed-by_RSA-SHA512,21.521,1943.76,1939.67,1,52,1.92593,208.815,24,1133.99,1116.18,2116,2113
1,5,14,RSA-SHA224_signed-by_RSA-SHA512,RSA-SHA224_signed-by_RSA-SHA512,10.154,4119.39,1279.38,1,0,0,149.6,15,1172.34,1121.13,2116,2113
1,8,13,RSA-SHA224_signed-by_RSA-SHA512,RSA-SHA224_signed-by_RSA-SHA512,18.702,2236.67,1084.76,1,11,0.578947,174.842,15,1164.12,1144.08,2116,2113
1,1,12,RSA-SHA224_signed-by_RSA-SHA512,RSA-SHA224_signed-by_RSA-SHA512,24.72,1692.2,925.55,1,16,0.8,145,24,1148.05,1114.66,2116,2113
1,7,14,RSA-SHA224_signed-by_RSA-SHA512,RSA-SHA224_signed-by_RSA-SHA512,13.389,3124.3,1008.57,1,0,0,131,16,1165.23,1248.4,2116,2113
1,6,16,RSA-SHA224_signed-by_RSA-SHA512,RSA-SHA224_signed-by_RSA-SHA512,16.671,2509.19,1140.15,1,6,0.461538,130.308,8,1173.3,1105.95,2116,2113
1,2,13,RSA-SHA224_signed-by_RSA-SHA512,RSA-SHA224_signed-by_RSA-SHA512,27.471,1522.73,860.815,1,26,1.2381,419.714,24,1124.51,1102.91,2116,2113
1,5,15,RSA-SHA224_signed-by_RSA-SHA512,RSA-SHA224_signed-by_RSA-SHA512,13.533,3091.06,1418.73,1,11,0.785714,169.143,15,1821.37,1677.01,2116,2113
1,1,13,RSA-SHA224_signed-by_RSA-SHA512,RSA-SHA224_signed-by_RSA-SHA512,10.289,4065.32,1491.16,1,11,0.785714,149.143,24,1147.75,1119.54,2116,2113
1,8,14,RSA-SHA224_signed-by_RSA-SHA512,RSA-SHA224_signed-by_RSA-SHA512,17.984,2325.98,1187.68,1,10,0.588235,124.588,15,1141.74,1129.87,2116,2113
1,7,15,RSA-SHA224_signed-by_RSA-SHA512,RSA-SHA224_signed-by_RSA-SHA512,17.343,2411.96,1629.19,1,21,1.05,151.2,16,1696.39,1583.59,2116,2113
1,3,12,RSA-SHA224_signed-by_RSA-SHA512,RSA-SHA224_signed-by_RSA-SHA512,30.15,1387.43,1120.24,1,35,1.25,140.714,24,1135.51,1147.71,2116,2113
1,2,14,RSA-SHA224_signed-by_RSA-SHA512,RSA-SHA224_signed-by_RSA-SHA512,20.437,2046.8,785.213,1,4,0.235294,241.529,24,1149.61,1132.16,2116,2113
1,5,16,RSA-SHA224_signed-by_RSA-SHA512,RSA-SHA224_signed-by_RSA-SHA512,18.803,2224.67,701.14,1,7,0.636364,139.455,15,1149.06,1109.22,2116,2113
1,1,14,RSA-SHA224_signed-by_RSA-SHA512,RSA-SHA224_signed-by_RSA-SHA512,19.063,2194.34,1243.84,1,20,0.952381,247.714,24,1121.41,1099.22,2116,2113
1,6,17,RSA-SHA224_signed-by_RSA-SHA512,RSA-SHA224_signed-by_RSA-SHA512,26.498,1578.67,954.627,1,15,0.625,153.667,8,1147.97,1100.39,2116,2113
1,3,13,RSA-SHA224_signed-by_RSA-SHA512,RSA-SHA224_signed-by_RSA-SHA512,14.641,2857.14,904.844,1,0,0,151.818,24,1131.92,1128.63,2116,2113
1,2,15,RSA-SHA224_signed-by_RSA-SHA512,RSA-SHA224_signed-by_RSA-SHA512,11.171,3744.36,1373.43,0.928571,7,0.5,170,24,1621.27,1582.49,2116,2113
1,8,15,RSA-SHA224_signed-by_RSA-SHA512,RSA-SHA224_signed-by_RSA-SHA512,23.987,1743.94,1035.89,1,21,0.954545,112.182,15,1568.59,1717.43,2116,2113
1,5,17,RSA-SHA224_signed-by_RSA-SHA512,RSA-SHA224_signed-by_RSA-SHA512,16.024,2610.5,961.527,1,0,0,209.143,15,1242.57,1117.16,2116,2113
1,7,16,RSA-SHA224_signed-by_RSA-SHA512,RSA-SHA224_signed-by_RSA-SHA512,24.087,1736.7,1200.98,1,25,1.31579,199.053,16,1301.76,1117.88,2116,2113
1,6,18,RSA-SHA224_signed-by_RSA-SHA512,RSA-SHA224_signed-by_RSA-SHA512,13.092,3195.2,1007.02,1,5,0.454545,139.455,8,1178.19,1096.66,2116,2113
1,1,15,RSA-SHA224_signed-by_RSA-SHA512,RSA-SHA224_signed-by_RSA-SHA512,20.047,2086.61,686.359,1,0,0,123.846,24,1635.98,1708.28,2116,2113
1,3,14,RSA-SHA224_signed-by_RSA-SHA512,RSA-SHA224_signed-by_RSA-SHA512,16.814,2487.84,1138.06,1,12,0.857143,185.143,24,1159.23,1174.1,2116,2113
1,2,16,RSA-SHA224_signed-by_RSA-SHA512,RSA-SHA224_signed-by_RSA-SHA512,16.228,2577.68,1386.2,1,14,0.777778,180.667,24,1143.58,1196.72,2116,2113
1,5,18,RSA-SHA224_signed-by_RSA-SHA512,RSA-SHA224_signed-by_RSA-SHA512,13.673,3059.4,950.174,1,4,0.4,149.6,15,1141.41,1145.42,2116,2113
1,7,17,RSA-SHA224_signed-by_RSA-SHA512,RSA-SHA224_signed-by_RSA-SHA512,15.662,2670.84,845.843,1,0,0,139.455,16,1197.48,1125.71,2116,2113
1,6,19,RSA-SHA224_signed-by_RSA-SHA512,RSA-SHA224_signed-by_RSA-SHA512,18.328,2282.32,1149.67,1,11,0.55,172,8,1161.17,1188.63,2116,2113
1,8,16,RSA-SHA224_signed-by_RSA-SHA512,RSA-SHA224_signed-by_RSA-SHA512,21.515,1944.23,1174.94,1,30,1.66667,170,15,1132.25,1139.14,2116,2113
1,1,16,RSA-SHA224_signed-by_RSA-SHA512,RSA-SHA224_signed-by_RSA-SHA512,16.29,2567.89,1178.61,1,11,0.785714,169.143,24,1124.92,1145.57,2116,2113
1,2,17,RSA-SHA224_signed-by_RSA-SHA512,RSA-SHA224_signed-by_RSA-SHA512,15.236,2745.55,869.504,1,0,0,151.818,24,1205.16,1107.41,2116,2113
1,3,15,RSA-SHA224_signed-by_RSA-SHA512,RSA-SHA224_signed-by_RSA-SHA512,18.543,2255.88,1021.6,1,11,0.846154,196.462,24,1630.86,1574.63,2116,2113
1,5,19,RSA-SHA224_signed-by_RSA-SHA512,RSA-SHA224_signed-by_RSA-SHA512,16.286,2568.53,1233.91,0.611111,10,0.555556,185.778,15,1134.43,1101.1,2116,2113
1,7,18,RSA-SHA224_signed-by_RSA-SHA512,RSA-SHA224_signed-by_RSA-SHA512,15.369,2721.77,870.301,1,8,0.666667,138.333,16,1151.96,1124.35,2116,2113
1,6,20,RSA-SHA224_signed-by_RSA-SHA512,RSA-SHA224_signed-by_RSA-SHA512,12.516,3342.24,1038.02,1,4,0.4,149.6,8,1155.28,1175.79,2116,2113
1,8,17,RSA-SHA224_signed-by_RSA-SHA512,RSA-SHA224_signed-by_RSA-SHA512,12.553,3332.39,1681.17,1,11,0.6875,149,15,1154.55,1124.41,2116,2113
1,1,17,RSA-SHA224_signed-by_RSA-SHA512,RSA-SHA224_signed-by_RSA-SHA512,11.269,3712.12,1152.89,1,0,0,149.6,24,1193.23,1159.49,2116,2113
1,2,18,RSA-SHA224_signed-by_RSA-SHA512,RSA-SHA224_signed-by_RSA-SHA512,11.031,3792.21,1177.77,1,0,0,163.2,24,1133.14,1098.04,2116,2113
1,5,20,RSA-SHA224_signed-by_RSA-SHA512,RSA-SHA224_signed-by_RSA-SHA512,12.55,3333.19,1035.21,1,0,0,149.6,15,1145.91,1120.8,2116,2113
1,3,16,RSA-SHA224_signed-by_RSA-SHA512,RSA-SHA224_signed-by_RSA-SHA512,15.188,2754.2,1272.55,1,19,1.26667,175.333,24,1156.02,1105.49,2116,2113
1,6,21,RSA-SHA224_signed-by_RSA-SHA512,RSA-SHA224_signed-by_RSA-SHA512,13.709,3051.37,1484.55,1,10,0.526316,178,8,1150.44,1096.57,2116,2113
1,8,18,RSA-SHA224_signed-by_RSA-SHA512,RSA-SHA224_signed-by_RSA-SHA512,18.369,2277.25,735.129,1,0,0,122,15,1161.9,1136.1,2116,2113
1,7,19,RSA-SHA224_signed-by_RSA-SHA512,RSA-SHA224_signed-by_RSA-SHA512,24.635,1698.06,1147.63,1,24,1,276,16,1221.81,1115.61,2116,2113
1,5,21,RSA-SHA224_signed-by_RSA-SHA512,RSA-SHA224_signed-by_RSA-SHA512,16.782,2492.58,804.644,1,0,0,138.333,15,1107.48,1119.91,2116,2113
1,6,22,RSA-SHA224_signed-by_RSA-SHA512,RSA-SHA224_signed-by_RSA-SHA512,14.203,2945.23,914.717,1,0,0,149.6,8,1163.7,1150.55,2116,2113
1,1,18,RSA-SHA224_signed-by_RSA-SHA512,RSA-SHA224_signed-by_RSA-SHA512,28.614,1461.91,1087,1,33,1.65,345,24,1176.41,1106.07,2116,2113
1,8,19,RSA-SHA224_signed-by_RSA-SHA512,RSA-SHA224_signed-by_RSA-SHA512,12.908,3240.72,1006.49,1,0,0,141.2,15,1137.41,1158.84,2116,2113
1,2,19,RSA-SHA224_signed-by_RSA-SHA512,RSA-SHA224_signed-by_RSA-SHA512,29.706,1408.17,1164.45,1,37,1.48,190.48,24,1128.47,1102.49,2116,2113
1,3,17,RSA-SHA224_signed-by_RSA-SHA512,RSA-SHA224_signed-by_RSA-SHA512,24.513,1706.51,1497.32,1,44,1.375,257.125,24,1164.63,1088.64,2116,2113
1,7,20,RSA-SHA224_signed-by_RSA-SHA512,RSA-SHA224_signed-by_RSA-SHA512,12.605,3318.65,1045.92,0.545455,5,0.454545,151.818,16,1184.46,1204.27,2116,2113
1,5,22,RSA-SHA224_signed-by_RSA-SHA512,RSA-SHA224_signed-by_RSA-SHA512,11.651,3590.13,1115.01,0.5,0,0,149.6,15,1147.8,1112.71,2116,2113
1,6,23,RSA-SHA224_signed-by_RSA-SHA512,RSA-SHA224_signed-by_RSA-SHA512,12.291,3403.46,1057.03,1,0,0,149.6,8,1150.31,1161.2,2116,2113
1,1,19,RSA-SHA224_signed-by_RSA-SHA512,RSA-SHA224_signed-by_RSA-SHA512,12.783,3272.45,1016.34,1,0,0,149.6,24,1155.44,1111.71,2116,2113
1,8,20,RSA-SHA224_signed-by_RSA-SHA512,RSA-SHA224_signed-by_RSA-SHA512,12.545,3334.53,1035.63,1,0,0,138.8,15,1148.91,1100.91,2116,2113
1,3,18,RSA-SHA224_signed-by_RSA-SHA512,RSA-SHA224_signed-by_RSA-SHA512,15.513,2696.53,853.979,0.909091,0,0,151.818,24,1145.1,1135.39,2116,2113
1,2,20,RSA-SHA224_signed-by_RSA-SHA512,RSA-SHA224_signed-by_RSA-SHA512,17.402,2403.8,1088.58,1,11,0.846154,196.462,24,1129.43,1099.91,2116,2113
1,7,21,RSA-SHA224_signed-by_RSA-SHA512,RSA-SHA224_signed-by_RSA-SHA512,16.764,2495.28,915.271,0.714286,3,0.214286,229.714,16,1127.63,1267.5,2116,2113
1,6,24,RSA-SHA224_signed-by_RSA-SHA512,RSA-SHA224_signed-by_RSA-SHA512,15.712,2662.37,843.159,0.727273,0,0,139.455,9,1137.02,1115.64,2116,2113
1,5,23,RSA-SHA224_signed-by_RSA-SHA512,RSA-SHA224_signed-by_RSA-SHA512,18.855,2218.55,1129.43,0.764706,18,1.05882,153.765,15,1179.67,1140.13,2116,2113
1,1,20,RSA-SHA224_signed-by_RSA-SHA512,RSA-SHA224_signed-by_RSA-SHA512,13.684,3056.97,949.422,0.8,0,0,179.6,24,1213.65,1131.72,2116,2113
1,8,21,RSA-SHA224_signed-by_RSA-SHA512,RSA-SHA224_signed-by_RSA-SHA512,14.707,2844.32,1301.13,1,16,1.14286,156.286,15,1148.11,1113.89,2116,2113
1,2,21,RSA-SHA224_signed-by_RSA-SHA512,RSA-SHA224_signed-by_RSA-SHA512,12.643,3308.65,1027.59,1,0,0,160.8,24,1131.51,1098.51,2116,2113
1,3,19,RSA-SHA224_signed-by_RSA-SHA512,RSA-SHA224_signed-by_RSA-SHA512,14.284,2928.53,909.529,1,0,0,163.2,24,1143.57,1099.91,2116,2113
1,7,22,RSA-SHA224_signed-by_RSA-SHA512,RSA-SHA224_signed-by_RSA-SHA512,12.947,3230.99,1023.24,1,0,0,151.818,16,1128.65,1156.91,2116,2113
1,6,25,RSA-SHA224_signed-by_RSA-SHA512,RSA-SHA224_signed-by_RSA-SHA512,15.27,2739.4,850.79,1,0,0,149.6,9,1118.48,1187.62,2116,2113
1,2,22,RSA-SHA224_signed-by_RSA-SHA512,RSA-SHA224_signed-by_RSA-SHA512,9.502,4402.41,1993.67,1,11,0.846154,196.462,24,1115.42,1112.63,2116,2113
1,8,22,RSA-SHA224_signed-by_RSA-SHA512,RSA-SHA224_signed-by_RSA-SHA512,15.196,2752.71,1086.56,1,8,0.470588,164.118,15,1190.01,1114.51,2116,2113
1,3,20,RSA-SHA224_signed-by_RSA-SHA512,RSA-SHA224_signed-by_RSA-SHA512,12.185,3432.97,1087.21,1,0,0,149.636,24,1135.18,1123.19,2116,2113
1,7,23,RSA-SHA224_signed-by_RSA-SHA512,RSA-SHA224_signed-by_RSA-SHA512,12.212,3425.38,1063.84,1,4,0.4,163.2,16,1140.59,1158.23,2116,2113
1,1,21,RSA-SHA224_signed-by_RSA-SHA512,RSA-SHA224_signed-by_RSA-SHA512,24.578,1701.97,992.736,1,19,0.95,143,24,1295.57,1118.25,2116,2113
1,5,24,RSA-SHA224_signed-by_RSA-SHA512,RSA-SHA224_signed-by_RSA-SHA512,26.316,1589.56,1042.68,1,22,0.956522,128.957,15,1129,1099.75,2116,2113
1,6,26,RSA-SHA224_signed-by_RSA-SHA512,RSA-SHA224_signed-by_RSA-SHA512,13.239,3159.68,981.32,1,0,0,149.6,9,1156.96,1099.89,2116,2113
1,2,23,RSA-SHA224_signed-by_RSA-SHA512,RSA-SHA224_signed-by_RSA-SHA512,15.454,2706.82,873.802,1,0,0,140.333,24,1151.33,1260.95,2116,2113
1,3,21,RSA-SHA224_signed-by_RSA-SHA512,RSA-SHA224_signed-by_RSA-SHA512,12.241,3417.37,1092.72,0.916667,8,0.666667,142.333,24,1240.98,1132.93,2116,2113
1,7,24,RSA-SHA224_signed-by_RSA-SHA512,RSA-SHA224_signed-by_RSA-SHA512,16.157,2589.02,949.652,0.785714,3,0.214286,229.714,16,1150.63,1294.45,2116,2113
1,8,23,RSA-SHA224_signed-by_RSA-SHA512,RSA-SHA224_signed-by_RSA-SHA512,20.515,2039.01,953.8,1,10,0.555556,160.889,15,1147.46,1271.99,2116,2113
1,6,27,RSA-SHA224_signed-by_RSA-SHA512,RSA-SHA224_signed-by_RSA-SHA512,12.402,3372.96,1068.2,1,0,0,139.455,9,1163.41,1108.96,2116,2113
1,1,22,RSA-SHA224_signed-by_RSA-SHA512,RSA-SHA224_signed-by_RSA-SHA512,17.849,2343.59,1022.77,1,7,0.4375,124.25,24,1156.55,1124.46,2116,2113
1,5,25,RSA-SHA224_signed-by_RSA-SHA512,RSA-SHA224_signed-by_RSA-SHA512,17.662,2368.41,735.57,1,0,0,163.2,15,1119.01,1137.73,2116,2113
1,2,24,RSA-SHA224_signed-by_RSA-SHA512,RSA-SHA224_signed-by_RSA-SHA512,12.903,3241.99,1006.88,1,0,0,149.6,24,1137.47,1217.46,2116,2113
1,3,22,RSA-SHA224_signed-by_RSA-SHA512,RSA-SHA224_signed-by_RSA-SHA512,13.285,3148.76,1140.51,0.769231,0,0,244.462,24,1144.97,1128.54,2116,2113
1,8,24,RSA-SHA224_signed-by_RSA-SHA512,RSA-SHA224_signed-by_RSA-SHA512,14.471,2890.68,915.465,0.454545,0,0,139.455,15,1135.63,1124.54,2116,2113
1,6,28,RSA-SHA224_signed-by_RSA-SHA512,RSA-SHA224_signed-by_RSA-SHA512,13.758,3040.51,944.31,0.5,0,0,149.6,9,1111.52,1107.48,2116,2113
1,7,25,RSA-SHA224_signed-by_RSA-SHA512,RSA-SHA224_signed-by_RSA-SHA512,16.81,2488.45,1126.92,0.769231,11,0.846154,193.692,16,1129.71,1104.97,2116,2113
1,5,26,RSA-SHA224_signed-by_RSA-SHA512,RSA-SHA224_signed-by_RSA-SHA512,11.471,3646.74,1132.59,0.5,0,0,163.2,15,1153.06,1234.26,2116,2113
1,2,25,RSA-SHA224_signed-by_RSA-SHA512,RSA-SHA224_signed-by_RSA-SHA512,11.139,3755.45,1166.35,0,0,0,149.6,24,1180.69,1146.25,2116,2113
1,3,23,RSA-SHA224_signed-by_RSA-SHA512,RSA-SHA224_signed-by_RSA-SHA512,12.717,3289.44,1021.62,1,0,0,149.6,24,1148.87,1110.12,2116,2113
1,1,23,RSA-SHA224_signed-by_RSA-SHA512,RSA-SHA224_signed-by_RSA-SHA512,15.97,2619.36,1198.22,1,16,1.14286,169.143,24,1132.31,1122.53,2116,2113
1,8,25,RSA-SHA224_signed-by_RSA-SHA512,RSA-SHA224_signed-by_RSA-SHA512,14.82,2822.64,1197.29,1,7,0.5,136.571,15,1110.93,1115.91,2116,2113
1,6,29,RSA-SHA224_signed-by_RSA-SHA512,RSA-SHA224_signed-by_RSA-SHA512,15.323,2729.96,1157.98,1,7,0.5,136.571,9,1150.12,1099.73,2116,2113
1,7,26,RSA-SHA224_signed-by_RSA-SHA512,RSA-SHA224_signed-by_RSA-SHA512,17.133,2441.53,773.221,1,0,0,144.182,16,1111.63,1302.21,2116,2113
1,2,26,RSA-SHA224_signed-by_RSA-SHA512,RSA-SHA224_signed-by_RSA-SHA512,16.648,2512.67,1279.16,1,18,1.05882,153.765,24,1134.11,1148.79,2116,2113
1,1,24,RSA-SHA224_signed-by_RSA-SHA512,RSA-SHA224_signed-by_RSA-SHA512,14.028,2981.97,1093.79,0.928571,3,0.214286,209.143,24,1146.12,1124.07,2116,2113
1,5,27,RSA-SHA224_signed-by_RSA-SHA512,RSA-SHA224_signed-by_RSA-SHA512,19.16,2183.22,1309.35,1,23,1.35294,221.294,15,1154.31,1098.75,2116,2113
1,3,24,RSA-SHA224_signed-by_RSA-SHA512,RSA-SHA224_signed-by_RSA-SHA512,18.033,2319.66,1380.53,1,22,1.375,203.25,24,1144.08,1167.31,2116,2113
1,8,26,RSA-SHA224_signed-by_RSA-SHA512,RSA-SHA224_signed-by_RSA-SHA512,12.483,3351.08,1040.77,0.8,0,0,138.8,15,1142.58,1124.94,2116,2113
1,6,30,RSA-SHA224_signed-by_RSA-SHA512,RSA-SHA224_signed-by_RSA-SHA512,14.548,2875.39,910.622,0.727273,0,0,139.455,9,1132.31,1166.4,2116,2113
1,2,27,RSA-SHA224_signed-by_RSA-SHA512,RSA-SHA224_signed-by_RSA-SHA512,11.993,3488,1083.29,0.8,0,0,149.6,24,1126.14,1094,2116,2113
1,7,27,RSA-SHA224_signed-by_RSA-SHA512,RSA-SHA224_signed-by_RSA-SHA512,13.906,3008.15,934.258,0.8,0,0,138.8,16,1136.66,1118.65,2116,2113
1,5,28,RSA-SHA224_signed-by_RSA-SHA512,RSA-SHA224_signed-by_RSA-SHA512,11.71,3572.32,1125.87,0.272727,7,0.636364,151.818,15,1103.08,1105.88,2116,2113
1,3,25,RSA-SHA224_signed-by_RSA-SHA512,RSA-SHA224_signed-by_RSA-SHA512,12.102,3456.6,1073.54,0.6,0,0,149.6,24,1147.08,1114.29,2116,2113
1,1,25,RSA-SHA224_signed-by_RSA-SHA512,RSA-SHA224_signed-by_RSA-SHA512,15.998,2614.75,1331.13,0.647059,18,1.05882,153.765,24,1161.55,1105.85,2116,2113
1,8,27,RSA-SHA224_signed-by_RSA-SHA512,RSA-SHA224_signed-by_RSA-SHA512,13.97,2994.34,775.355,0.857143,0,0,164.857,15,1317.92,1116.69,2116,2113
1,6,31,RSA-SHA224_signed-by_RSA-SHA512,RSA-SHA224_signed-by_RSA-SHA512,15.256,2741.95,868.362,0.545455,0,0,139.455,9,1687.55,1588.58,2116,2113
1,2,28,RSA-SHA224_signed-by_RSA-SHA512,RSA-SHA224_signed-by_RSA-SHA512,14.255,2934.51,911.387,0.3,0,0,149.6,24,1158.35,1099.63,2116,2113
1,7,28,RSA-SHA224_signed-by_RSA-SHA512,RSA-SHA224_signed-by_RSA-SHA512,14.449,2895.11,899.151,0.3,0,0,138.8,16,1152.81,1169.12,2116,2113
1,5,29,RSA-SHA224_signed-by_RSA-SHA512,RSA-SHA224_signed-by_RSA-SHA512,14.229,2939.88,1064.86,0.230769,0,0,244.462,15,1149.86,1115.46,2116,2113
1,3,26,RSA-SHA224_signed-by_RSA-SHA512,RSA-SHA224_signed-by_RSA-SHA512,12.499,3346.56,1039.36,0.5,0,0,149.6,24,1137.02,1123.9,2116,2113
1,1,26,RSA-SHA224_signed-by_RSA-SHA512,RSA-SHA224_signed-by_RSA-SHA512,13.301,3145.01,976.763,1,0,0,149.6,24,1135.02,1205.62,2116,2113
1,8,28,RSA-SHA224_signed-by_RSA-SHA512,RSA-SHA224_signed-by_RSA-SHA512,14.109,2964.71,1073.85,0.769231,0,0,124.769,15,1179.97,1131.78,2116,2113
1,6,32,RSA-SHA224_signed-by_RSA-SHA512,RSA-SHA224_signed-by_RSA-SHA512,13.22,3164.27,1180.02,1,7,0.466667,121.2,9,1141.82,1155.79,2116,2113
1,3,27,RSA-SHA224_signed-by_RSA-SHA512,RSA-SHA224_signed-by_RSA-SHA512,11.24,3721.7,1155.87,1,4,0.4,149.6,24,1149.14,1120.1,2116,2113
1,1,27,RSA-SHA224_signed-by_RSA-SHA512,RSA-SHA224_signed-by_RSA-SHA512,10.75,3891,1208.45,0.6,0,0,155.6,24,1127.03,1119.65,2116,2113
1,7,29,RSA-SHA224_signed-by_RSA-SHA512,RSA-SHA224_signed-by_RSA-SHA512,14.324,2920.37,1322.52,1,11,0.846154,165.385,16,1113.21,1110.13,2116,2113
1,5,30,RSA-SHA224_signed-by_RSA-SHA512,RSA-SHA224_signed-by_RSA-SHA512,15.087,2772.67,1255.63,1,11,0.846154,196.462,15,1132.46,1112.16,2116,2113
1,2,29,RSA-SHA224_signed-by_RSA-SHA512,RSA-SHA224_signed-by_RSA-SHA512,19.299,2167.51,981.575,1,11,0.846154,180.462,24,1181.4,1128.36,2116,2113
1,8,29,RSA-SHA224_signed-by_RSA-SHA512,RSA-SHA224_signed-by_RSA-SHA512,11.989,3489.18,1083.65,0.6,0,0,138.8,15,1150.25,1151.91,2116,2113
1,6,33,RSA-SHA224_signed-by_RSA-SHA512,RSA-SHA224_signed-by_RSA-SHA512,10.932,3826.22,1205.89,0.363636,5,0.454545,139.455,9,1140.02,1136.78,2116,2113
1,3,28,RSA-SHA224_signed-by_RSA-SHA512,RSA-SHA224_signed-by_RSA-SHA512,12.182,3433.87,1268.74,0.466667,3,0.2,197.467,24,1150.05,1101.38,2116,2113
1,7,30,RSA-SHA224_signed-by_RSA-SHA512,RSA-SHA224_signed-by_RSA-SHA512,11.337,3689.83,1145.97,0.7,0,0,138.8,16,1138.36,1112.13,2116,2113
1,1,28,RSA-SHA224_signed-by_RSA-SHA512,RSA-SHA224_signed-by_RSA-SHA512,12.997,3218.54,999.601,0.7,4,0.4,149.6,24,1175.68,1164.15,2116,2113
1,2,30,RSA-SHA224_signed-by_RSA-SHA512,RSA-SHA224_signed-by_RSA-SHA512,11.126,3759.82,1167.71,0.7,0,0,149.6,24,1233.41,1206.7,2116,2113
1,5,31,RSA-SHA224_signed-by_RSA-SHA512,RSA-SHA224_signed-by_RSA-SHA512,15.572,2686.29,1139.45,0.5,7,0.5,148,15,1617.42,1576.68,2116,2113
1,8,30,RSA-SHA224_signed-by_RSA-SHA512,RSA-SHA224_signed-by_RSA-SHA512,12.665,3302.92,1025.81,0.7,0,0,138.8,15,1131.92,1115.72,2116,2113
1,3,29,RSA-SHA224_signed-by_RSA-SHA512,RSA-SHA224_signed-by_RSA-SHA512,10.511,3979.51,1254.21,0.272727,4,0.363636,138.364,24,1140.61,1124.55,2116,2113
1,6,34,RSA-SHA224_signed-by_RSA-SHA512,RSA-SHA224_signed-by_RSA-SHA512,13.59,3078.11,1129.05,0.428571,3,0.214286,209.143,9,1152,1089.23,2116,2113
1,7,31,RSA-SHA224_signed-by_RSA-SHA512,RSA-SHA224_signed-by_RSA-SHA512,13.136,3184.52,1003.65,0.818182,7,0.636364,129.636,16,1657.17,1657.49,2116,2113
1,1,29,RSA-SHA224_signed-by_RSA-SHA512,RSA-SHA224_signed-by_RSA-SHA512,13.017,3213.63,1178.76,1,7,0.5,209.143,24,1135.6,1098.9,2116,2113
1,2,31,RSA-SHA224_signed-by_RSA-SHA512,RSA-SHA224_signed-by_RSA-SHA512,11.76,3556.87,1104.68,1,0,0,149.6,24,1708.54,1632.3,2116,2113
1,5,32,RSA-SHA224_signed-by_RSA-SHA512,RSA-SHA224_signed-by_RSA-SHA512,12.33,3392.69,1074.45,1,0,0,151.818,15,1151.45,1111.06,2116,2113
1,8,31,RSA-SHA224_signed-by_RSA-SHA512,RSA-SHA224_signed-by_RSA-SHA512,13.467,3106.23,964.72,1,0,0,138.8,15,1605.01,1660.21,2116,2113
1,3,30,RSA-SHA224_signed-by_RSA-SHA512,RSA-SHA224_signed-by_RSA-SHA512,13.865,3017.05,1435.54,1,10,0.588235,208.588,24,1187.86,1142.87,2116,2113
1,6,35,RSA-SHA224_signed-by_RSA-SHA512,RSA-SHA224_signed-by_RSA-SHA512,14.486,2887.7,1294.47,1,6,0.5,149,9,1149.9,1149.73,2116,2113
1,1,30,RSA-SHA224_signed-by_RSA-SHA512,RSA-SHA224_signed-by_RSA-SHA512,12.104,3456.03,1283.53,1,8,0.533333,197.733,24,1135.49,1110.23,2116,2113
1,2,32,RSA-SHA224_signed-by_RSA-SHA512,RSA-SHA224_signed-by_RSA-SHA512,10.957,3817.82,1400.38,1,11,0.785714,127.143,24,1115.38,1088.33,2116,2113
1,7,32,RSA-SHA224_signed-by_RSA-SHA512,RSA-SHA224_signed-by_RSA-SHA512,16.713,2502.88,1407.24,1,17,0.85,258,16,1167.82,1124.08,2116,2113
1,5,33,RSA-SHA224_signed-by_RSA-SHA512,RSA-SHA224_signed-by_RSA-SHA512,12.952,3229.74,1003.08,1,4,0.4,163.2,15,1130.44,1100.75,2116,2113
1,3,31,RSA-SHA224_signed-by_RSA-SHA512,RSA-SHA224_signed-by_RSA-SHA512,13.548,3087.62,1398.26,1,11,0.846154,179.231,24,1599.85,1589.91,2116,2113
1,6,36,RSA-SHA224_signed-by_RSA-SHA512,RSA-SHA224_signed-by_RSA-SHA512,12.866,3251.27,1561.9,0.944444,10,0.555556,185.111,9,1146.42,1096.24,2116,2113
1,8,32,RSA-SHA224_signed-by_RSA-SHA512,RSA-SHA224_signed-by_RSA-SHA512,18.092,2312.07,1253.98,1,19,1,117.579,15,1131.16,1125.16,2116,2113
1,2,33,RSA-SHA224_signed-by_RSA-SHA512,RSA-SHA224_signed-by_RSA-SHA512,15.028,2783.51,877.267,1,3,0.272727,265.636,24,1191.05,1111.25,2116,2113
1,1,31,RSA-SHA224_signed-by_RSA-SHA512,RSA-SHA224_signed-by_RSA-SHA512,17.363,2409.17,898.429,1,3,0.2,197.733,24,1602.67,1672.16,2116,2113
1,7,33,RSA-SHA224_signed-by_RSA-SHA512,RSA-SHA224_signed-by_RSA-SHA512,13.663,3061.63,964.921,1,4,0.363636,129.636,16,1138.07,1129.03,2116,2113
1,5,34,RSA-SHA224_signed-by_RSA-SHA512,RSA-SHA224_signed-by_RSA-SHA512,14.213,2943.14,1111.06,0.875,4,0.25,202.75,15,1150.95,1100.18,2116,2113
1,6,37,RSA-SHA224_signed-by_RSA-SHA512,RSA-SHA224_signed-by_RSA-SHA512,13.724,3048.05,965.304,1,0,0,129.636,9,1144.14,1122.07,2116,2113
1,3,32,RSA-SHA224_signed-by_RSA-SHA512,RSA-SHA224_signed-by_RSA-SHA512,15.573,2686.12,1151.71,1,8,0.533333,130,24,1200,1184.66,2116,2113
1,8,33,RSA-SHA224_signed-by_RSA-SHA512,RSA-SHA224_signed-by_RSA-SHA512,17.393,2405.03,1170.09,1,10,0.526316,164.316,15,1114.63,1189.6,2116,2113
1,1,32,RSA-SHA224_signed-by_RSA-SHA512,RSA-SHA224_signed-by_RSA-SHA512,13.765,3038.93,1133.28,1,7,0.466667,121.2,24,1150.05,1131.28,2116,2113
1,2,34,RSA-SHA224_signed-by_RSA-SHA512,RSA-SHA224_signed-by_RSA-SHA512,16.559,2526.15,1217.42,1,7,0.388889,185.778,24,1102.6,1105.11,2116,2113
1,5,35,RSA-SHA224_signed-by_RSA-SHA512,RSA-SHA224_signed-by_RSA-SHA512,14.871,2812.9,1193.16,1,11,0.785714,148,15,1109.22,1207.35,2116,2113
1,7,34,RSA-SHA224_signed-by_RSA-SHA512,RSA-SHA224_signed-by_RSA-SHA512,18.462,2265.74,1358.84,1,23,1.35294,183.647,16,1157.56,1140.96,2116,2113
1,6,38,RSA-SHA224_signed-by_RSA-SHA512,RSA-SHA224_signed-by_RSA-SHA512,12.69,3296.4,1043.96,0.818182,0,0,129.636,9,1147.1,1099.89,2116,2113
1,3,33,RSA-SHA224_signed-by_RSA-SHA512,RSA-SHA224_signed-by_RSA-SHA512,13.717,3049.57,947.123,1,0,0,149.6,24,1176.45,1116.12,2116,2113
1,8,34,RSA-SHA224_signed-by_RSA-SHA512,RSA-SHA224_signed-by_RSA-SHA512,12.269,3409.51,1446.22,0.928571,7,0.5,132.286,15,1186.19,1132.31,2116,2113
1,2,35,RSA-SHA224_signed-by_RSA-SHA512,RSA-SHA224_signed-by_RSA-SHA512,11.674,3583.31,927.864,1,0,0,178.571,24,1162.52,1086.5,2116,2113
1,1,33,RSA-SHA224_signed-by_RSA-SHA512,RSA-SHA224_signed-by_RSA-SHA512,17.146,2439.68,772.636,1,0,0,139.455,24,1152.16,1131.24,2116,2113
1,7,35,RSA-SHA224_signed-by_RSA-SHA512,RSA-SHA224_signed-by_RSA-SHA512,16.571,2524.36,1101.66,0.6875,7,0.4375,116,16,1171.19,1119.49,2116,2113
1,6,39,RSA-SHA224_signed-by_RSA-SHA512,RSA-SHA224_signed-by_RSA-SHA512,15.608,2680.12,832.379,1,0,0,138.8,9,1266.38,1121.1,2116,2113
1,3,34,RSA-SHA224_signed-by_RSA-SHA512,RSA-SHA224_signed-by_RSA-SHA512,15.443,2708.76,841.276,0.5,0,0,149.6,24,1274.63,1092.54,2116,2113
1,5,36,RSA-SHA224_signed-by_RSA-SHA512,RSA-SHA224_signed-by_RSA-SHA512,23.032,1816.18,1095.48,0.583333,19,0.791667,171.833,15,1182.81,1201.45,2116,2113
1,8,35,RSA-SHA224_signed-by_RSA-SHA512,RSA-SHA224_signed-by_RSA-SHA512,15.654,2672.26,829.94,1,0,0,138.8,15,1255.19,1112.91,2116,2113
1,2,36,RSA-SHA224_signed-by_RSA-SHA512,RSA-SHA224_signed-by_RSA-SHA512,16.152,2589.87,938.079,0.923077,0,0,221.385,24,1143.73,1347.07,2116,2113
1,1,34,RSA-SHA224_signed-by_RSA-SHA512,RSA-SHA224_signed-by_RSA-SHA512,12.921,3237.51,1005.49,1,0,0,149.6,24,1201.69,1167.13,2116,2113
1,3,35,RSA-SHA224_signed-by_RSA-SHA512,RSA-SHA224_signed-by_RSA-SHA512,10.967,3814.34,1184.64,1,0,0,149.6,24,1121.61,1113.78,2116,2113
1,6,40,RSA-SHA224_signed-by_RSA-SHA512,RSA-SHA224_signed-by_RSA-SHA512,13.317,3141.2,1083.71,1,2,0.166667,124.667,9,1145.67,1119.14,2116,2113
1,7,36,RSA-SHA224_signed-by_RSA-SHA512,RSA-SHA224_signed-by_RSA-SHA512,16.408,2549.41,1104.79,1,15,0.9375,116,16,1131.4,1108.56,2116,2113
1,8,36,RSA-SHA224_signed-by_RSA-SHA512,RSA-SHA224_signed-by_RSA-SHA512,11.682,3580.86,1134.04,0.727273,0,0,129.636,15,1141.15,1134.59,2116,2113
1,2,37,RSA-SHA224_signed-by_RSA-SHA512,RSA-SHA224_signed-by_RSA-SHA512,12.337,3390.71,1053.07,0.8,0,0,149.6,24,1122.43,1111.03,2116,2113
1,1,35,RSA-SHA224_signed-by_RSA-SHA512,RSA-SHA224_signed-by_RSA-SHA512,12.344,3388.79,1052.48,0.7,0,0,158.4,24,1111.17,1177.81,2116,2113
1,5,37,RSA-SHA224_signed-by_RSA-SHA512,RSA-SHA224_signed-by_RSA-SHA512,18.537,2256.59,1278.26,1,18,1.05882,168.353,15,1169.71,1112.75,2116,2113
1,3,36,RSA-SHA224_signed-by_RSA-SHA512,RSA-SHA224_signed-by_RSA-SHA512,13.056,3203.99,995.083,0.9,0,0,149.6,24,1143.75,1123.79,2116,2113
1,6,41,RSA-SHA224_signed-by_RSA-SHA512,RSA-SHA224_signed-by_RSA-SHA512,12.79,3270.64,1015.78,0.3,0,0,138.8,9,1146.63,1108.78,2116,2113
1,7,37,RSA-SHA224_signed-by_RSA-SHA512,RSA-SHA224_signed-by_RSA-SHA512,12.925,3236.49,1172.29,0.230769,0,0,124.769,16,1172.25,1104.2,2116,2113
1,8,37,RSA-SHA224_signed-by_RSA-SHA512,RSA-SHA224_signed-by_RSA-SHA512,13.889,3011.83,1277.54,0.214286,7,0.5,127.143,15,1144.92,1106.72,2116,2113
1,2,38,RSA-SHA224_signed-by_RSA-SHA512,RSA-SHA224_signed-by_RSA-SHA512,12.749,3281.18,1039.13,0.272727,0,0,139.455,24,1411.78,1086.74,2116,2113
1,1,36,RSA-SHA224_signed-by_RSA-SHA512,RSA-SHA224_signed-by_RSA-SHA512,12.375,3380.36,1049.86,0.3,0,0,149.6,24,1125.43,1227.26,2116,2113
1,5,38,RSA-SHA224_signed-by_RSA-SHA512,RSA-SHA224_signed-by_RSA-SHA512,12.472,3354.06,1041.69,0,0,0,138.8,15,1152.7,1123.93,2116,2113
1,3,37,RSA-SHA224_signed-by_RSA-SHA512,RSA-SHA224_signed-by_RSA-SHA512,10.255,4078.83,1285.51,0.272727,7,0.636364,139.455,24,1111.41,1113.66,2116,2113
1,6,42,RSA-SHA224_signed-by_RSA-SHA512,RSA-SHA224_signed-by_RSA-SHA512,11.008,3799.83,1197.57,0.545455,7,0.636364,129.636,9,1151.47,1124.8,2116,2113
1,7,38,RSA-SHA224_signed-by_RSA-SHA512,RSA-SHA224_signed-by_RSA-SHA512,12.351,3386.91,1051.89,0.6,0,0,138.8,16,1141.95,1120.99,2116,2113
1,8,38,RSA-SHA224_signed-by_RSA-SHA512,RSA-SHA224_signed-by_RSA-SHA512,11.773,3553.21,1103.54,0.6,0,0,138.8,16,1133.42,1094.51,2116,2113
1,2,39,RSA-SHA224_signed-by_RSA-SHA512,RSA-SHA224_signed-by_RSA-SHA512,12.46,3357.24,1042.68,1,0,0,138.8,24,1153.96,1124.61,2116,2113
1,1,37,RSA-SHA224_signed-by_RSA-SHA512,RSA-SHA224_signed-by_RSA-SHA512,14.391,2906.73,1232.96,0.785714,7,0.5,148,24,1112.2,1115.62,2116,2113
1,3,38,RSA-SHA224_signed-by_RSA-SHA512,RSA-SHA224_signed-by_RSA-SHA512,11.547,3622.73,1312.19,0.846154,0,0,222.308,24,1188.89,1219.14,2116,2113
1,5,39,RSA-SHA224_signed-by_RSA-SHA512,RSA-SHA224_signed-by_RSA-SHA512,13.978,2992.63,929.439,1,0,0,138.8,15,1148.55,1110.93,2116,2113
1,6,43,RSA-SHA224_signed-by_RSA-SHA512,RSA-SHA224_signed-by_RSA-SHA512,14.229,2939.83,1082.83,0.571429,0,0,118.571,9,1169.09,1108.24,2116,2113
1,8,39,RSA-SHA224_signed-by_RSA-SHA512,RSA-SHA224_signed-by_RSA-SHA512,11.827,3536.93,1623.38,0.785714,11,0.785714,156.286,16,1270.56,1109.34,2116,2113
1,2,40,RSA-SHA224_signed-by_RSA-SHA512,RSA-SHA224_signed-by_RSA-SHA512,12.525,3339.83,1037.27,0.9,4,0.4,138.8,24,1145.77,1119.61,2116,2113
1,7,39,RSA-SHA224_signed-by_RSA-SHA512,RSA-SHA224_signed-by_RSA-SHA512,17.703,2362.89,1016.73,1,7,0.466667,121.2,16,1136.78,1279.85,2116,2113
1,5,40,RSA-SHA224_signed-by_RSA-SHA512,RSA-SHA224_signed-by_RSA-SHA512,11.754,3558.91,1136.62,0.583333,0,0,121.667,15,1144.93,1105.96,2116,2113
1,1,38,RSA-SHA224_signed-by_RSA-SHA512,RSA-SHA224_signed-by_RSA-SHA512,14.823,2822.03,1197.03,1,7,0.5,148,24,1145,1098.58,2116,2113
1,3,39,RSA-SHA224_signed-by_RSA-SHA512,RSA-SHA224_signed-by_RSA-SHA512,14.067,2973.7,923.56,1,0,0,142.4,24,1185.42,1095.87,2116,2113
1,6,44,RSA-SHA224_signed-by_RSA-SHA512,RSA-SHA224_signed-by_RSA-SHA512,14.089,2969.06,940.288,1,0,0,129.636,9,1132.12,1112.27,2116,2113
1,8,40,RSA-SHA224_signed-by_RSA-SHA512,RSA-SHA224_signed-by_RSA-SHA512,15.389,2718.22,1169.63,0.8,7,0.466667,121.2,16,1120.74,1112.76,2116,2113
1,2,41,RSA-SHA224_signed-by_RSA-SHA512,RSA-SHA224_signed-by_RSA-SHA512,13.98,2992.22,1125.01,0.8125,9,0.5625,173,24,1113.36,1153.48,2116,2113
1,7,40,RSA-SHA224_signed-by_RSA-SHA512,RSA-SHA224_signed-by_RSA-SHA512,12.616,3315.76,1029.79,1,4,0.4,138.8,16,1174.49,1120.74,2116,2113
1,5,41,RSA-SHA224_signed-by_RSA-SHA512,RSA-SHA224_signed-by_RSA-SHA512,11.468,3647.71,1651.9,0.923077,11,0.846154,165.385,15,1158.47,1102.99,2116,2113
1,3,40,RSA-SHA224_signed-by_RSA-SHA512,RSA-SHA224_signed-by_RSA-SHA512,12.303,3400.11,1065.09,0.727273,0,0,139.091,24,1150.46,1138.59,2116,2113
1,1,39,RSA-SHA224_signed-by_RSA-SHA512,RSA-SHA224_signed-by_RSA-SHA512,13.731,3046.48,946.164,0.8,0,0,163.2,24,1143.45,1114.82,2116,2113
1,6,45,RSA-SHA224_signed-by_RSA-SHA512,RSA-SHA224_signed-by_RSA-SHA512,12.862,3252.34,1010.1,0.5,0,0,138.8,9,1146.35,1110.57,2116,2113
1,8,41,RSA-SHA224_signed-by_RSA-SHA512,RSA-SHA224_signed-by_RSA-SHA512,10.44,4006.6,1255.08,0.454545,0,0,129.273,16,1281.65,1140.03,2116,2113
1,7,41,RSA-SHA224_signed-by_RSA-SHA512,RSA-SHA224_signed-by_RSA-SHA512,9.887,4230.68,1551.82,0.285714,3,0.214286,192.286,16,1168.72,1090.56,2116,2113
1,5,42,RSA-SHA224_signed-by_RSA-SHA512,RSA-SHA224_signed-by_RSA-SHA512,10.348,4042.22,1482.69,0.285714,7,0.5,120.286,15,1220.77,1091.01,2116,2113
1,3,41,RSA-SHA224_signed-by_RSA-SHA512,RSA-SHA224_signed-by_RSA-SHA512,11.63,3596.63,1133.53,1,5,0.454545,139.455,24,1136.52,1123.58,2116,2113
1,6,46,RSA-SHA224_signed-by_RSA-SHA512,RSA-SHA224_signed-by_RSA-SHA512,10.118,4134.03,1309.23,1,0,0,129.636,9,1171.58,1136.82,2116,2113
1,1,40,RSA-SHA224_signed-by_RSA-SHA512,RSA-SHA224_signed-by_RSA-SHA512,14.581,2868.89,760.428,1,0,0,175,24,1133.19,1128.47,2116,2113
1,7,42,RSA-SHA224_signed-by_RSA-SHA512,RSA-SHA224_signed-by_RSA-SHA512,10.089,4145.92,1287.62,1,4,0.4,138.8,16,1135.77,1112.21,2116,2113
1,8,42,RSA-SHA224_signed-by_RSA-SHA512,RSA-SHA224_signed-by_RSA-SHA512,11.877,3522.09,912.011,1,0,0,164.857,16,1129.47,1155.8,2116,2113
1,5,43,RSA-SHA224_signed-by_RSA-SHA512,RSA-SHA224_signed-by_RSA-SHA512,11.842,3532.48,1315.98,1,7,0.636364,140.545,15,1131.17,1142.77,2116,2113
1,1,41,RSA-SHA224_signed-by_RSA-SHA512,RSA-SHA224_signed-by_RSA-SHA512,13.344,3134.86,1135.48,1,0,0,244.462,24,1114.89,1134.39,2116,2113
1,2,42,RSA-SHA224_signed-by_RSA-SHA512,RSA-SHA224_signed-by_RSA-SHA512,33.937,1232.6,704.344,1,21,0.954545,236.182,24,1162.83,1089.17,2116,2113
1,3,42,RSA-SHA224_signed-by_RSA-SHA512,RSA-SHA224_signed-by_RSA-SHA512,18.94,2208.57,810.104,1,3,0.214286,209.143,24,1102.39,1095.57,2116,2113
1,6,47,RSA-SHA224_signed-by_RSA-SHA512,RSA-SHA224_signed-by_RSA-SHA512,17.593,2377.7,1065.85,1,2,0.166667,138,9,1629.9,1572.93,2116,2113
1,5,44,RSA-SHA224_signed-by_RSA-SHA512,RSA-SHA224_signed-by_RSA-SHA512,13.334,3137.18,1521.49,1,15,0.789474,164.316,15,1147.11,1123.64,2116,2113
1,7,43,RSA-SHA224_signed-by_RSA-SHA512,RSA-SHA224_signed-by_RSA-SHA512,19.141,2185.38,828.346,1,3,0.1875,173,16,1109.07,1113.2,2116,2113
1,8,43,RSA-SHA224_signed-by_RSA-SHA512,RSA-SHA224_signed-by_RSA-SHA512,20.205,2070.29,1411.87,1,24,0.96,206,16,1147.54,1122.3,2116,2113
1,1,42,RSA-SHA224_signed-by_RSA-SHA512,RSA-SHA224_signed-by_RSA-SHA512,13.988,2990.49,947.075,1,0,0,137.273,24,1110.06,1101.83,2116,2113
1,6,48,RSA-SHA224_signed-by_RSA-SHA512,RSA-SHA224_signed-by_RSA-SHA512,11.334,3690.82,1146.28,0.6,0,0,138.8,9,1130.73,1134.87,2116,2113
1,5,45,RSA-SHA224_signed-by_RSA-SHA512,RSA-SHA224_signed-by_RSA-SHA512,11.945,3502.03,1268.47,1,4,0.307692,124.769,15,1151.37,1221,2116,2113
1,2,43,RSA-SHA224_signed-by_RSA-SHA512,RSA-SHA224_signed-by_RSA-SHA512,15.383,2719.3,1231.46,1,11,0.846154,165.385,24,1168.27,1165.36,2116,2113
1,3,43,RSA-SHA224_signed-by_RSA-SHA512,RSA-SHA224_signed-by_RSA-SHA512,18.746,2231.43,1550.78,1,25,1.04167,137.333,24,1177.41,1124.65,2116,2113
1,7,44,RSA-SHA224_signed-by_RSA-SHA512,RSA-SHA224_signed-by_RSA-SHA512,15.005,2787.81,865.826,1,0,0,138.8,16,1158.49,1087.69,2116,2113
1,8,44,RSA-SHA224_signed-by_RSA-SHA512,RSA-SHA224_signed-by_RSA-SHA512,14.8,2826.43,877.82,1,0,0,138.8,16,1137.29,1245.72,2116,2113
1,1,43,RSA-SHA224_signed-by_RSA-SHA512,RSA-SHA224_signed-by_RSA-SHA512,13.045,3206.69,1010.64,1,7,0.636364,151.818,24,1136.92,1107.45,2116,2113
1,5,46,RSA-SHA224_signed-by_RSA-SHA512,RSA-SHA224_signed-by_RSA-SHA512,12.17,3437.25,1276.56,1,4,0.266667,182,15,1145.74,1147.35,2116,2113
1,6,49,RSA-SHA224_signed-by_RSA-SHA512,RSA-SHA224_signed-by_RSA-SHA512,16.823,2486.5,1619.62,1,29,1.45,162.8,9,1125.88,1122.53,2116,2113
1,7,45,RSA-SHA224_signed-by_RSA-SHA512,RSA-SHA224_signed-by_RSA-SHA512,10.931,3826.87,1188.53,1,0,0,138.8,16,1226.37,1135.3,2116,2113
1,8,45,RSA-SHA224_signed-by_RSA-SHA512,RSA-SHA224_signed-by_RSA-SHA512,10.87,3848.31,1212.85,1,4,0.363636,129.636,16,1209.38,1103.45,2116,2113
1,1,44,RSA-SHA224_signed-by_RSA-SHA512,RSA-SHA224_signed-by_RSA-SHA512,10.132,4128.69,1727.59,0.823529,7,0.411765,200.824,24,1126.25,1121.66,2116,2113
1,2,44,RSA-SHA224_signed-by_RSA-SHA512,RSA-SHA224_signed-by_RSA-SHA512,23.31,1794.56,1181.96,1,30,1.36364,151.273,24,1230.99,1114.69,2116,2113
1,6,50,RSA-SHA224_signed-by_RSA-SHA512,RSA-SHA224_signed-by_RSA-SHA512,11.632,3596.19,1656.08,1,3,0.214286,134.571,9,1114.82,1116.67,2116,2113
1,3,44,RSA-SHA224_signed-by_RSA-SHA512,RSA-SHA224_signed-by_RSA-SHA512,23.919,1748.86,1155.21,1,23,0.958333,118.5,24,1133.34,1113.08,2116,2113
1,7,46,RSA-SHA224_signed-by_RSA-SHA512,RSA-SHA224_signed-by_RSA-SHA512,13.57,3082.58,976.24,0.909091,0,0,129.636,16,1162.14,1102.03,2116,2113
1,8,46,RSA-SHA224_signed-by_RSA-SHA512,RSA-SHA224_signed-by_RSA-SHA512,14.162,2953.74,1571.48,0.714286,17,0.809524,158,16,1149.94,1102.95,2116,2113
1,5,47,RSA-SHA224_signed-by_RSA-SHA512,RSA-SHA224_signed-by_RSA-SHA512,20.353,2055.32,1506.21,1,12,0.666667,127.333,15,1635.8,1635.71,2116,2113
1,1,45,RSA-SHA224_signed-by_RSA-SHA512,RSA-SHA224_signed-by_RSA-SHA512,12.411,3370.5,1062.26,1,7,0.636364,129.636,24,1135.3,1108.99,2116,2113
1,2,45,RSA-SHA224_signed-by_RSA-SHA512,RSA-SHA224_signed-by_RSA-SHA512,14.115,2963.58,934.017,1,7,0.636364,129.636,24,1146.81,1120.86,2116,2113
1,6,51,RSA-SHA224_signed-by_RSA-SHA512,RSA-SHA224_signed-by_RSA-SHA512,12.754,3279.85,1053.77,1,7,0.583333,122,9,1267.29,1192.09,2116,2113
1,3,45,RSA-SHA224_signed-by_RSA-SHA512,RSA-SHA224_signed-by_RSA-SHA512,13.198,3169.5,984.369,1,0,0,149.6,24,1125.5,1099.45,2116,2113
1,5,48,RSA-SHA224_signed-by_RSA-SHA512,RSA-SHA224_signed-by_RSA-SHA512,9.904,4223.7,1311.78,1,0,0,138.8,15,1104.97,1116.37,2116,2113
1,1,46,RSA-SHA224_signed-by_RSA-SHA512,RSA-SHA224_signed-by_RSA-SHA512,10.318,4054.23,1468.49,0.769231,0,0,204.154,24,1125.28,1116.1,2116,2113
1,8,47,RSA-SHA224_signed-by_RSA-SHA512,RSA-SHA224_signed-by_RSA-SHA512,12.503,3345.7,1346.21,0.833333,2,0.166667,133.333,16,1644.65,1592.94,2116,2113
1,2,46,RSA-SHA224_signed-by_RSA-SHA512,RSA-SHA224_signed-by_RSA-SHA512,13.138,3183.95,1192.23,1,0,0,182,24,1263.27,1111.7,2116,2113
1,6,52,RSA-SHA224_signed-by_RSA-SHA512,RSA-SHA224_signed-by_RSA-SHA512,12.14,3445.74,1248.08,0.923077,0,0,204.154,9,1145.14,1137.63,2116,2113
1,5,49,RSA-SHA224_signed-by_RSA-SHA512,RSA-SHA224_signed-by_RSA-SHA512,10.598,3947.14,1225.88,1,0,0,138.8,15,1131.84,1115.49,2116,2113
1,7,47,RSA-SHA224_signed-by_RSA-SHA512,RSA-SHA224_signed-by_RSA-SHA512,24.693,1694.05,1014.03,1,22,0.956522,108.957,16,1600.05,1583.81,2116,2113
1,3,46,RSA-SHA224_signed-by_RSA-SHA512,RSA-SHA224_signed-by_RSA-SHA512,15.888,2632.85,1431.98,0.947368,14,0.736842,130.842,24,1111.63,1117.38,2116,2113
1,1,47,RSA-SHA224_signed-by_RSA-SHA512,RSA-SHA224_signed-by_RSA-SHA512,15.367,2722.13,998.477,1,7,0.5,118.571,24,1638.44,1579.33,2116,2113
1,8,48,RSA-SHA224_signed-by_RSA-SHA512,RSA-SHA224_signed-by_RSA-SHA512,14.77,2832.14,1441.8,1,18,1.05882,143.882,16,1147.6,1117.76,2116,2113
1,2,47,RSA-SHA224_signed-by_RSA-SHA512,RSA-SHA224_signed-by_RSA-SHA512,13.83,3024.7,939.397,1,0,0,138.8,24,1775.43,1638.6,2116,2113
1,6,53,RSA-SHA224_signed-by_RSA-SHA512,RSA-SHA224_signed-by_RSA-SHA512,14.291,2927.08,926.992,1,0,0,129.636,9,1173.34,1100.34,2116,2113
1,5,50,RSA-SHA224_signed-by_RSA-SHA512,RSA-SHA224_signed-by_RSA-SHA512,14.129,2960.65,933.094,1,7,0.636364,129.636,15,1151.71,1117.1,2116,2113
1,7,48,RSA-SHA224_signed-by_RSA-SHA512,RSA-SHA224_signed-by_RSA-SHA512,15.005,2787.79,882.879,1,0,0,129.636,16,1127.15,1123.82,2116,2113
1,1,48,RSA-SHA224_signed-by_RSA-SHA512,RSA-SHA224_signed-by_RSA-SHA512,12.105,3455.69,1073.25,0.6,0,0,138.8,24,1135.49,1100.94,2116,2113
1,8,49,RSA-SHA224_signed-by_RSA-SHA512,RSA-SHA224_signed-by_RSA-SHA512,12.527,3339.29,1037.1,0.6,0,0,149.6,16,1163.81,1149.05,2116,2113
1,3,47,RSA-SHA224_signed-by_RSA-SHA512,RSA-SHA224_signed-by_RSA-SHA512,16.848,2482.83,1332.35,0.909091,21,0.954545,122,24,1625.87,1581.82,2116,2113
1,2,48,RSA-SHA224_signed-by_RSA-SHA512,RSA-SHA224_signed-by_RSA-SHA512,15.409,2714.71,843.122,1,4,0.4,138.8,24,1147.38,1116.32,2116,2113
1,6,54,RSA-SHA224_signed-by_RSA-SHA512,RSA-SHA224_signed-by_RSA-SHA512,14.687,2848.21,884.585,1,0,0,138.8,9,1284.43,1127.69,2116,2113
1,5,51,RSA-SHA224_signed-by_RSA-SHA512,RSA-SHA224_signed-by_RSA-SHA512,14.992,2790.26,1023.47,1,5,0.357143,192.286,15,1140.39,1115.57,2116,2113
1,7,49,RSA-SHA224_signed-by_RSA-SHA512,RSA-SHA224_signed-by_RSA-SHA512,15.479,2702.45,855.855,1,4,0.363636,129.636,16,1139.45,1159.62,2116,2113
1,8,50,RSA-SHA224_signed-by_RSA-SHA512,RSA-SHA224_signed-by_RSA-SHA512,13.91,3007.29,933.992,1,0,0,149.6,16,1131.07,1100.76,2116,2113
1,3,48,RSA-SHA224_signed-by_RSA-SHA512,RSA-SHA224_signed-by_RSA-SHA512,12.508,3344.39,1247.19,1,11,0.733333,121.2,24,1150.62,1086.54,2116,2113
1,1,49,RSA-SHA224_signed-by_RSA-SHA512,RSA-SHA224_signed-by_RSA-SHA512,19.556,2139.01,981.76,1,11,0.785714,156.286,24,1101.44,1122.52,2116,2113
1,6,55,RSA-SHA224_signed-by_RSA-SHA512,RSA-SHA224_signed-by_RSA-SHA512,11.541,3624.58,1350.29,1,7,0.636364,140.545,9,1128.1,1102.12,2116,2113
1,2,49,RSA-SHA224_signed-by_RSA-SHA512,RSA-SHA224_signed-by_RSA-SHA512,13.245,3158.24,1014.7,1,3,0.25,208,24,1129.46,1127.09,2116,2113
1,7,50,RSA-SHA224_signed-by_RSA-SHA512,RSA-SHA224_signed-by_RSA-SHA512,12.785,3271.93,1220.17,1,3,0.2,182,16,1146.04,1113.79,2116,2113
1,5,52,RSA-SHA224_signed-by_RSA-SHA512,RSA-SHA224_signed-by_RSA-SHA512,16.969,2465.12,904.207,1,3,0.214286,192.286,15,1138.09,1123.34,2116,2113
1,1,50,RSA-SHA224_signed-by_RSA-SHA512,RSA-SHA224_signed-by_RSA-SHA512,12.164,3438.73,1067.99,1,0,0,138.8,24,1140.73,1188.04,2116,2113
1,8,51,RSA-SHA224_signed-by_RSA-SHA512,RSA-SHA224_signed-by_RSA-SHA512,17.766,2354.54,1087.89,1,19,1.26667,160.4,16,1129.86,1180.34,2116,2113
1,6,56,RSA-SHA224_signed-by_RSA-SHA512,RSA-SHA224_signed-by_RSA-SHA512,12.164,3438.75,1245.55,0.230769,0,0,204.154,9,1152.28,1128.24,2116,2113
1,2,50,RSA-SHA224_signed-by_RSA-SHA512,RSA-SHA224_signed-by_RSA-SHA512,12.324,3394.11,1229.38,0.230769,0,0,204.154,24,1166.25,1140.69,2116,2113
1,3,49,RSA-SHA224_signed-by_RSA-SHA512,RSA-SHA224_signed-by_RSA-SHA512,21.757,1922.61,1095.69,0.954545,26,1.18182,340.545,24,1163.22,1124.93,2116,2113
1,7,51,RSA-SHA224_signed-by_RSA-SHA512,RSA-SHA224_signed-by_RSA-SHA512,11.225,3726.37,1157.32,1,0,0,138.8,16,1154.7,1138.13,2116,2113
1,5,53,RSA-SHA224_signed-by_RSA-SHA512,RSA-SHA224_signed-by_RSA-SHA512,12.429,3365.65,1045.29,1,0,0,138.8,15,1135.4,1119.88,2116,2113
1,8,52,RSA-SHA224_signed-by_RSA-SHA512,RSA-SHA224_signed-by_RSA-SHA512,8.268,5059.05,1832.44,1,0,0,219.538,16,1153.09,1174.17,2116,2113
1,1,51,RSA-SHA224_signed-by_RSA-SHA512,RSA-SHA224_signed-by_RSA-SHA512,11.166,3746.36,1163.53,1,0,0,140,24,1134.62,1112.53,2116,2113
1,6,57,RSA-SHA224_signed-by_RSA-SHA512,RSA-SHA224_signed-by_RSA-SHA512,17.325,2414.42,1309.48,1,21,1.10526,117.579,9,1116.72,1120.65,2116,2113
1,5,54,RSA-SHA224_signed-by_RSA-SHA512,RSA-SHA224_signed-by_RSA-SHA512,11.335,3690.43,1168.74,1,0,0,129.636,15,1124.47,1116.76,2116,2113
1,3,50,RSA-SHA224_signed-by_RSA-SHA512,RSA-SHA224_signed-by_RSA-SHA512,14.835,2819.7,1034.27,1,3,0.214286,209.143,24,1146.98,1100.03,2116,2113
1,7,52,RSA-SHA224_signed-by_RSA-SHA512,RSA-SHA224_signed-by_RSA-SHA512,14.583,2868.43,1298.99,1,11,0.846154,165.385,16,1147.21,1107.38,2116,2113
1,2,51,RSA-SHA224_signed-by_RSA-SHA512,RSA-SHA224_signed-by_RSA-SHA512,19.979,2093.79,1186.04,1,18,1.05882,149.529,24,1106.61,1146.56,2116,2113
1,8,53,RSA-SHA224_signed-by_RSA-SHA512,RSA-SHA224_signed-by_RSA-SHA512,14.503,2884.26,1551.07,1,18,1,122,16,1248.23,1375.6,2116,2113
1,1,52,RSA-SHA224_signed-by_RSA-SHA512,RSA-SHA224_signed-by_RSA-SHA512,13.277,3150.62,1017.07,1,0,0,122,24,1362.88,1139.08,2116,2113
1,5,55,RSA-SHA224_signed-by_RSA-SHA512,RSA-SHA224_signed-by_RSA-SHA512,12.746,3281.91,1028.07,1,0,0,129.273,15,1148.6,1137.4,2116,2113
1,6,58,RSA-SHA224_signed-by_RSA-SHA512,RSA-SHA224_signed-by_RSA-SHA512,13.989,2990.29,1832.26,1,15,0.652174,154.522,9,1131.06,1097.19,2116,2113
1,7,53,RSA-SHA224_signed-by_RSA-SHA512,RSA-SHA224_signed-by_RSA-SHA512,14.673,2850.85,1308.48,1,11,0.785714,156.286,16,1138.93,1146.88,2116,2113
1,8,54,RSA-SHA224_signed-by_RSA-SHA512,RSA-SHA224_signed-by_RSA-SHA512,13.88,3013.72,1119.27,1,8,0.533333,182,16,1190.8,1105.3,2116,2113
1,5,56,RSA-SHA224_signed-by_RSA-SHA512,RSA-SHA224_signed-by_RSA-SHA512,8.565,4884.02,1630.81,1,5,0.416667,123.333,15,1203.11,1143.86,2116,2113
1,6,59,RSA-SHA224_signed-by_RSA-SHA512,RSA-SHA224_signed-by_RSA-SHA512,8.561,4886.29,1547.47,1,0,0,125.273,9,1151.95,1140.63,2116,2113
1,1,53,RSA-SHA224_signed-by_RSA-SHA512,RSA-SHA224_signed-by_RSA-SHA512,22.033,1898.56,1518.41,1,32,1.23077,133.077,24,1123.01,1122.25,2116,2113
1,7,54,RSA-SHA224_signed-by_RSA-SHA512,RSA-SHA224_signed-by_RSA-SHA512,11.793,3547.05,1733.84,1,7,0.466667,116.933,16,1147.41,1136.27,2116,2113
1,2,52,RSA-SHA224_signed-by_RSA-SHA512,RSA-SHA224_signed-by_RSA-SHA512,25.325,1651.75,1108.75,1,24,0.923077,104.462,24,1176.04,1212.88,2116,2113
1,5,57,RSA-SHA224_signed-by_RSA-SHA512,RSA-SHA224_signed-by_RSA-SHA512,12.301,3400.6,1268.15,0.6,3,0.2,182,15,1143.55,1237.48,2116,2113
1,6,60,RSA-SHA224_signed-by_RSA-SHA512,RSA-SHA224_signed-by_RSA-SHA512,12.156,3441.17,1068.74,0.9,0,0,138.8,9,1148.67,1134.35,2116,2113
1,8,55,RSA-SHA224_signed-by_RSA-SHA512,RSA-SHA224_signed-by_RSA-SHA512,16.989,2462.16,914.424,1,4,0.266667,182,16,1245.3,1161.74,2116,2113
1,1,54,RSA-SHA224_signed-by_RSA-SHA512,RSA-SHA224_signed-by_RSA-SHA512,9.537,4385.83,1362.13,1,4,0.4,138.8,24,1226.06,1131.86,2116,2113
1,7,55,RSA-SHA224_signed-by_RSA-SHA512,RSA-SHA224_signed-by_RSA-SHA512,11.59,3609.26,1283.85,1,2,0.142857,163.143,16,1101.56,1173.5,2116,2113
1,2,53,RSA-SHA224_signed-by_RSA-SHA512,RSA-SHA224_signed-by_RSA-SHA512,14.104,2965.87,990.325,1,1,0.0833333,120,24,1265.47,1128.39,2116,2113
1,5,58,RSA-SHA224_signed-by_RSA-SHA512,RSA-SHA224_signed-by_RSA-SHA512,9.61,4352.54,1378.43,1,0,0,129.636,15,1154.37,1122.79,2116,2113
1,8,56,RSA-SHA224_signed-by_RSA-SHA512,RSA-SHA224_signed-by_RSA-SHA512,12.177,3435.27,1260.06,1,7,0.5,171.143,16,1387.5,1110.17,2116,2113
1,6,61,RSA-SHA224_signed-by_RSA-SHA512,RSA-SHA224_signed-by_RSA-SHA512,15.829,2642.66,1196.75,1,11,0.846154,165.385,9,1108.63,1124.91,2116,2113
1,1,55,RSA-SHA224_signed-by_RSA-SHA512,RSA-SHA224_signed-by_RSA-SHA512,15.291,2735.65,1533.93,0.55,20,1,258,24,1141.17,1127.47,2116,2113
1,7,56,RSA-SHA224_signed-by_RSA-SHA512,RSA-SHA224_signed-by_RSA-SHA512,12.738,3283.99,1019.93,0.3,0,0,334.4,16,1238.15,1132.2,2116,2113
1,2,54,RSA-SHA224_signed-by_RSA-SHA512,RSA-SHA224_signed-by_RSA-SHA512,11.694,3577.21,1149.31,1,5,0.416667,122,24,1244.06,1123.75,2116,2113
1,5,59,RSA-SHA224_signed-by_RSA-SHA512,RSA-SHA224_signed-by_RSA-SHA512,12.453,3359.17,869.826,1,0,0,164.857,15,1166.35,1120.13,2116,2113
1,8,57,RSA-SHA224_signed-by_RSA-SHA512,RSA-SHA224_signed-by_RSA-SHA512,9.572,4369.88,1131.54,1,0,0,194.571,16,1243.38,1114.37,2116,2113
1,6,62,RSA-SHA224_signed-by_RSA-SHA512,RSA-SHA224_signed-by_RSA-SHA512,12.038,3474.72,1079.16,1,0,0,138.8,9,1124.23,1208.18,2116,2113
1,7,57,RSA-SHA224_signed-by_RSA-SHA512,RSA-SHA224_signed-by_RSA-SHA512,11.102,3767.68,1170.15,1,0,0,138.8,16,1150.74,1266.83,2116,2113
1,5,60,RSA-SHA224_signed-by_RSA-SHA512,RSA-SHA224_signed-by_RSA-SHA512,10.59,3949.82,1465.41,0.866667,0,0,181.733,15,1132.1,1107.12,2116,2113
1,8,58,RSA-SHA224_signed-by_RSA-SHA512,RSA-SHA224_signed-by_RSA-SHA512,10.611,3942.01,1875.64,0.764706,7,0.411765,212.824,16,1165.5,1106.85,2116,2113
1,1,56,RSA-SHA224_signed-by_RSA-SHA512,RSA-SHA224_signed-by_RSA-SHA512,16.837,2484.48,1140.32,1,11,0.785714,156.286,24,1114.49,1097.39,2116,2113
1,6,63,RSA-SHA224_signed-by_RSA-SHA512,RSA-SHA224_signed-by_RSA-SHA512,9.201,4546.12,1667.52,0.5,7,0.5,118.571,9,1670.03,1593.81,2116,2113
1,7,58,RSA-SHA224_signed-by_RSA-SHA512,RSA-SHA224_signed-by_RSA-SHA512,10.103,4140.2,1285.85,1,0,0,138.8,16,1144.27,1110.95,2116,2113
1,5,61,RSA-SHA224_signed-by_RSA-SHA512,RSA-SHA224_signed-by_RSA-SHA512,11.246,3719.43,1219.18,1,1,0.0909091,131.091,15,1100.41,1104.44,2116,2113
1,2,55,RSA-SHA224_signed-by_RSA-SHA512,RSA-SHA224_signed-by_RSA-SHA512,26.163,1598.89,911.204,1,22,1,238,24,1132.96,1155.85,2116,2113
1,8,59,RSA-SHA224_signed-by_RSA-SHA512,RSA-SHA224_signed-by_RSA-SHA512,13.941,3000.6,968.638,1,0,0,142.333,16,1132.24,1117.67,2116,2113
1,1,57,RSA-SHA224_signed-by_RSA-SHA512,RSA-SHA224_signed-by_RSA-SHA512,14.127,2961.08,1354.54,1,12,0.857143,156.286,24,1172.15,1108.07,2116,2113
1,6,64,RSA-SHA224_signed-by_RSA-SHA512,RSA-SHA224_signed-by_RSA-SHA512,12.579,3325.48,1334.26,1,11,1.1,191.6,9,1163.71,1103.19,2116,2113
1,7,59,RSA-SHA224_signed-by_RSA-SHA512,RSA-SHA224_signed-by_RSA-SHA512,12.146,3444.09,1559.69,0.384615,11,0.846154,165.385,16,1148.79,1089.38,2116,2113
1,5,62,RSA-SHA224_signed-by_RSA-SHA512,RSA-SHA224_signed-by_RSA-SHA512,13.333,3137.44,974.414,1,0,0,138.8,15,1130.85,1128.17,2116,2113
1,2,56,RSA-SHA224_signed-by_RSA-SHA512,RSA-SHA224_signed-by_RSA-SHA512,11.388,3673.07,1140.76,1,4,0.4,138.8,24,1141.95,1165.28,2116,2113
1,8,60,RSA-SHA224_signed-by_RSA-SHA512,RSA-SHA224_signed-by_RSA-SHA512,11.744,3561.72,1127.98,0.909091,0,0,151.818,16,1149.48,1119.43,2116,2113
1,1,58,RSA-SHA224_signed-by_RSA-SHA512,RSA-SHA224_signed-by_RSA-SHA512,13.692,3055.2,967.569,1,0,0,129.636,24,1172.79,1122.59,2116,2113
1,6,65,RSA-SHA224_signed-by_RSA-SHA512,RSA-SHA224_signed-by_RSA-SHA512,15.24,2744.85,1011.01,1,0,0,195.714,9,1142.64,1115.11,2116,2113
1,7,60,RSA-SHA224_signed-by_RSA-SHA512,RSA-SHA224_signed-by_RSA-SHA512,15.343,2726.39,2010.51,1,23,1.09524,136.667,17,1136.26,1132.02,2116,2113
1,5,63,RSA-SHA224_signed-by_RSA-SHA512,RSA-SHA224_signed-by_RSA-SHA512,12.723,3287.88,1021.14,1,0,0,138.8,15,1845.55,1746.68,2116,2113
1,2,57,RSA-SHA224_signed-by_RSA-SHA512,RSA-SHA224_signed-by_RSA-SHA512,13.144,3182.54,1167.36,0.857143,3,0.214286,192.286,24,1151.62,1090.22,2116,2113
1,8,61,RSA-SHA224_signed-by_RSA-SHA512,RSA-SHA224_signed-by_RSA-SHA512,12.968,3225.74,1919.78,0.75,22,1.375,207.25,16,1152.4,1149.43,2116,2113
1,1,59,RSA-SHA224_signed-by_RSA-SHA512,RSA-SHA224_signed-by_RSA-SHA512,10.649,3927.91,1219.91,0.3,4,0.4,138.8,24,1219.79,1128.1,2116,2113
1,6,66,RSA-SHA224_signed-by_RSA-SHA512,RSA-SHA224_signed-by_RSA-SHA512,9.67,4325.61,1363.28,1,7,0.636364,130.727,9,1149.3,1147.01,2116,2113
1,7,61,RSA-SHA224_signed-by_RSA-SHA512,RSA-SHA224_signed-by_RSA-SHA512,12.708,3291.77,1022.34,1,0,0,138.8,17,1149.88,1113.72,2116,2113
1,5,64,RSA-SHA224_signed-by_RSA-SHA512,RSA-SHA224_signed-by_RSA-SHA512,13.068,3201.06,1013.76,1,0,0,129.636,15,1190.08,1108.99,2116,2113
1,6,67,RSA-SHA224_signed-by_RSA-SHA512,RSA-SHA224_signed-by_RSA-SHA512,10.529,3973.02,1439.07,0.384615,0,0,204.154,9,1129.51,1117.12,2116,2113
1,1,60,RSA-SHA224_signed-by_RSA-SHA512,RSA-SHA224_signed-by_RSA-SHA512,13.559,3085.14,1145.79,0.933333,4,0.266667,182,24,1271.58,1146.35,2116,2113
1,8,62,RSA-SHA224_signed-by_RSA-SHA512,RSA-SHA224_signed-by_RSA-SHA512,15.896,2631.55,1792.61,1,17,1.13333,191.6,16,1149.81,1097.57,2116,2113
1,2,58,RSA-SHA224_signed-by_RSA-SHA512,RSA-SHA224_signed-by_RSA-SHA512,21.426,1952.33,1182.82,1,27,1.5,170,24,1138.44,1128.89,2116,2113
1,7,62,RSA-SHA224_signed-by_RSA-SHA512,RSA-SHA224_signed-by_RSA-SHA512,14.767,2832.77,892.791,1,5,0.454545,152.545,17,1135.43,1098.58,2116,2113
1,4,0,RSA-SHA224_signed-by_RSA-SHA512,RSA-SHA224_signed-by_RSA-SHA512,1020.04,41.0102,8.92514,1,0,0,161.2,24,1322.03,1236.16,2116,2113
1,5,65,RSA-SHA224_signed-by_RSA-SHA512,RSA-SHA224_signed-by_RSA-SHA512,17.03,2456.34,1030.64,1,3,0.230769,127.231,15,1148.55,1098.86,2116,2113
1,6,68,RSA-SHA224_signed-by_RSA-SHA512,RSA-SHA224_signed-by_RSA-SHA512,19.578,2136.65,689.744,1,0,0,122,9,1146.49,1106.09,2116,2113
1,1,61,RSA-SHA224_signed-by_RSA-SHA512,RSA-SHA224_signed-by_RSA-SHA512,19.169,2182.25,988.25,1,11,0.846154,165.385,24,1113.13,1118.24,2116,2113
1,8,63,RSA-SHA224_signed-by_RSA-SHA512,RSA-SHA224_signed-by_RSA-SHA512,19.79,2113.77,1175.53,1,17,0.894737,304.105,16,1604.58,1601.41,2116,2113
1,2,59,RSA-SHA224_signed-by_RSA-SHA512,RSA-SHA224_signed-by_RSA-SHA512,17.956,2329.67,854.525,1,3,0.214286,192.286,24,1127.93,1134.29,2116,2113
1,4,1,RSA-SHA224_signed-by_RSA-SHA512,RSA-SHA224_signed-by_RSA-SHA512,14.877,2811.85,873.294,1,0,0,163.2,24,1168.39,1126.31,2116,2113
1,5,66,RSA-SHA224_signed-by_RSA-SHA512,RSA-SHA224_signed-by_RSA-SHA512,15.016,2785.65,865.155,0.5,0,0,138.8,15,1290.27,1116.29,2116,2113
1,7,63,RSA-SHA224_signed-by_RSA-SHA512,RSA-SHA224_signed-by_RSA-SHA512,22.299,1875.92,1051.87,0.65,20,1,601.4,17,1652.27,1569.87,2116,2113
1,6,69,RSA-SHA224_signed-by_RSA-SHA512,RSA-SHA224_signed-by_RSA-SHA512,12.168,3437.65,1088.69,0.454545,0,0,151.818,9,1124.66,1118.44,2116,2113
1,1,62,RSA-SHA224_signed-by_RSA-SHA512,RSA-SHA224_signed-by_RSA-SHA512,12.533,3337.52,1036.55,0.8,4,0.4,138.8,24,1156.28,1140.84,2116,2113
1,8,64,RSA-SHA224_signed-by_RSA-SHA512,RSA-SHA224_signed-by_RSA-SHA512,14.773,2831.61,1282.32,0.846154,11,0.846154,165.385,16,1141.06,1116.28,2116,2113
1,2,60,RSA-SHA224_signed-by_RSA-SHA512,RSA-SHA224_signed-by_RSA-SHA512,12.705,3292.55,1022.58,0.6,0,0,138.8,24,1155.92,1118.49,2116,2113
1,5,67,RSA-SHA224_signed-by_RSA-SHA512,RSA-SHA224_signed-by_RSA-SHA512,12.507,3344.59,1059.22,0.545455,0,0,129.636,15,1163.84,1117.05,2116,2113
1,4,2,RSA-SHA224_signed-by_RSA-SHA512,RSA-SHA224_signed-by_RSA-SHA512,15.835,2641.63,1136.68,0.4,7,0.466667,140.667,24,1249.96,1098.47,2116,2113
1,6,70,RSA-SHA224_signed-by_RSA-SHA512,RSA-SHA224_signed-by_RSA-SHA512,12.517,3341.88,1037.91,0.6,0,0,163.2,9,1127.75,1092.75,2116,2113
1,7,64,RSA-SHA224_signed-by_RSA-SHA512,RSA-SHA224_signed-by_RSA-SHA512,14.102,2966.26,921.248,0.6,0,0,138.8,17,1150.07,1095.1,2116,2113
1,1,63,RSA-SHA224_signed-by_RSA-SHA512,RSA-SHA224_signed-by_RSA-SHA512,15.648,2673.2,1130.83,0.555556,10,0.555556,164.667,24,1682.99,1651.67,2116,2113
1,8,65,RSA-SHA224_signed-by_RSA-SHA512,RSA-SHA224_signed-by_RSA-SHA512,12.427,3366.14,1045.44,0.7,0,0,138.8,16,1149.94,1249.32,2116,2113
1,5,68,RSA-SHA224_signed-by_RSA-SHA512,RSA-SHA224_signed-by_RSA-SHA512,11.942,3502.89,1087.91,1,0,0,138.8,15,1191.08,1136.42,2116,2113
1,6,71,RSA-SHA224_signed-by_RSA-SHA512,RSA-SHA224_signed-by_RSA-SHA512,10.544,3967.03,1232.06,1,0,0,163.2,10,1138.44,1133.88,2116,2113
1,2,61,RSA-SHA224_signed-by_RSA-SHA512,RSA-SHA224_signed-by_RSA-SHA512,18.234,2294.06,983.607,0.866667,12,0.8,121.2,24,1128.36,1092.04,2116,2113
1,4,3,RSA-SHA224_signed-by_RSA-SHA512,RSA-SHA224_signed-by_RSA-SHA512,13.85,3020.31,956.517,1,4,0.363636,151.818,24,1139.39,1111.99,2116,2113
1,7,65,RSA-SHA224_signed-by_RSA-SHA512,RSA-SHA224_signed-by_RSA-SHA512,12.546,3334.27,1035.54,1,0,0,138.8,17,1157.7,1162.12,2116,2113
1,8,66,RSA-SHA224_signed-by_RSA-SHA512,RSA-SHA224_signed-by_RSA-SHA512,10.016,4176.13,1297,1,0,0,138.8,16,1232.91,1099.32,2116,2113
1,1,64,RSA-SHA224_signed-by_RSA-SHA512,RSA-SHA224_signed-by_RSA-SHA512,16.991,2461.92,1055.58,1,8,0.533333,130,24,1112.16,1141.71,2116,2113
1,5,69,RSA-SHA224_signed-by_RSA-SHA512,RSA-SHA224_signed-by_RSA-SHA512,12.369,3382,1050.37,1,0,0,138.8,15,1137.64,1249.08,2116,2113
1,6,72,RSA-SHA224_signed-by_RSA-SHA512,RSA-SHA224_signed-by_RSA-SHA512,15.22,2748.4,860.944,1,0,0,151.455,10,1125.9,1134.92,2116,2113
1,2,62,RSA-SHA224_signed-by_RSA-SHA512,RSA-SHA224_signed-by_RSA-SHA512,15.321,2730.27,1030.71,1,4,0.25,173,24,1145.72,1089.73,2116,2113
1,4,4,RSA-SHA224_signed-by_RSA-SHA512,RSA-SHA224_signed-by_RSA-SHA512,15.019,2785.18,1337.99,1,10,0.555556,203.111,24,1134.53,1096.21,2116,2113
1,7,66,RSA-SHA224_signed-by_RSA-SHA512,RSA-SHA224_signed-by_RSA-SHA512,19.155,2183.77,1029.03,1,11,0.6875,141.5,17,1153.96,1171.65,2116,2113
1,8,67,RSA-SHA224_signed-by_RSA-SHA512,RSA-SHA224_signed-by_RSA-SHA512,18.346,2280.07,1032.55,1,11,0.846154,165.385,16,1351.91,1119.41,2116,2113
1,5,70,RSA-SHA224_signed-by_RSA-SHA512,RSA-SHA224_signed-by_RSA-SHA512,16.025,2610.32,1419.73,0.578947,14,0.736842,117.579,15,1138.49,1122.34,2116,2113
1,1,65,RSA-SHA224_signed-by_RSA-SHA512,RSA-SHA224_signed-by_RSA-SHA512,17.428,2400.18,1086.94,1,15,1.15385,179.231,24,1159.02,1152.01,2116,2113
1,2,63,RSA-SHA224_signed-by_RSA-SHA512,RSA-SHA224_signed-by_RSA-SHA512,13.315,3141.7,990.156,1,7,0.636364,129.636,24,1584.63,1558.65,2116,2113
1,6,73,RSA-SHA224_signed-by_RSA-SHA512,RSA-SHA224_signed-by_RSA-SHA512,14.768,2832.56,879.725,1,4,0.4,244.8,10,1222.66,1114.62,2116,2113
1,4,5,RSA-SHA224_signed-by_RSA-SHA512,RSA-SHA224_signed-by_RSA-SHA512,14.146,2957.13,918.413,1,0,0,163.2,24,1236.11,1085.6,2116,2113
1,8,68,RSA-SHA224_signed-by_RSA-SHA512,RSA-SHA224_signed-by_RSA-SHA512,13.211,3166.41,983.41,1,0,0,138.8,16,1146.42,1125.69,2116,2113
1,7,67,RSA-SHA224_signed-by_RSA-SHA512,RSA-SHA224_signed-by_RSA-SHA512,16.899,2475.33,1275.3,1,18,1,136.667,17,1133.12,1125.65,2116,2113
1,5,71,RSA-SHA224_signed-by_RSA-SHA512,RSA-SHA224_signed-by_RSA-SHA512,13.855,3019.21,956.171,1,0,0,131.818,15,1105.1,1108.48,2116,2113
1,2,64,RSA-SHA224_signed-by_RSA-SHA512,RSA-SHA224_signed-by_RSA-SHA512,12.797,3268.83,1184.01,0.461538,0,0,204.154,24,1125.42,1130.69,2116,2113
1,4,6,RSA-SHA224_signed-by_RSA-SHA512,RSA-SHA224_signed-by_RSA-SHA512,12.175,3435.85,1088.12,0.545455,0,0,143.818,24,1188.16,1126.97,2116,2113
1,1,66,RSA-SHA224_signed-by_RSA-SHA512,RSA-SHA224_signed-by_RSA-SHA512,16.633,2514.93,922.477,0.642857,3,0.214286,209.143,24,1147.86,1105.34,2116,2113
1,6,74,RSA-SHA224_signed-by_RSA-SHA512,RSA-SHA224_signed-by_RSA-SHA512,16.236,2576.42,1237.7,0.944444,14,0.777778,203.111,10,1147.82,1101.21,2116,2113
1,5,72,RSA-SHA224_signed-by_RSA-SHA512,RSA-SHA224_signed-by_RSA-SHA512,10.82,3866.15,1224.39,1,0,0,129.636,15,1137.35,1120.21,2116,2113
1,7,68,RSA-SHA224_signed-by_RSA-SHA512,RSA-SHA224_signed-by_RSA-SHA512,13.888,3012.03,1277.62,1,7,0.5,127.143,17,1128.92,1119.63,2116,2113
1,2,65,RSA-SHA224_signed-by_RSA-SHA512,RSA-SHA224_signed-by_RSA-SHA512,11.371,3678.8,1142.54,1,0,0,138.8,24,1171.12,1109.12,2116,2113
1,4,7,RSA-SHA224_signed-by_RSA-SHA512,RSA-SHA224_signed-by_RSA-SHA512,12.285,3405.07,1057.53,1,0,0,160.8,24,1244.57,1132.96,2116,2113
1,8,69,RSA-SHA224_signed-by_RSA-SHA512,RSA-SHA224_signed-by_RSA-SHA512,21.342,1959.99,840.372,1,8,0.533333,121.2,16,1156.38,1105.85,2116,2113
1,1,67,RSA-SHA224_signed-by_RSA-SHA512,RSA-SHA224_signed-by_RSA-SHA512,14.766,2832.93,1282.92,1,11,0.846154,165.385,24,1149.64,1136.19,2116,2113
1,6,75,RSA-SHA224_signed-by_RSA-SHA512,RSA-SHA224_signed-by_RSA-SHA512,14.178,2950.44,1654.37,0.7,20,1,262.2,10,1148.95,1128.22,2116,2113
1,5,73,RSA-SHA224_signed-by_RSA-SHA512,RSA-SHA224_signed-by_RSA-SHA512,12.499,3346.81,1075.28,1,5,0.416667,122,15,1180.27,1144.13,2116,2113
1,7,69,RSA-SHA224_signed-by_RSA-SHA512,RSA-SHA224_signed-by_RSA-SHA512,15.875,2635.04,850.629,1,0,0,124,17,1104.89,1156.7,2116,2113
1,4,8,RSA-SHA224_signed-by_RSA-SHA512,RSA-SHA224_signed-by_RSA-SHA512,14.762,2833.72,880.083,1,0,0,149.6,24,1167.77,1138,2116,2113
1,2,66,RSA-SHA224_signed-by_RSA-SHA512,RSA-SHA224_signed-by_RSA-SHA512,17.429,2400.08,1032.74,1,7,0.466667,121.2,24,1159.24,1111.32,2116,2113
1,8,70,RSA-SHA224_signed-by_RSA-SHA512,RSA-SHA224_signed-by_RSA-SHA512,15.47,2704.01,1159.38,1,8,0.533333,121.2,16,1135.27,1134.99,2116,2113
1,1,68,RSA-SHA224_signed-by_RSA-SHA512,RSA-SHA224_signed-by_RSA-SHA512,18.377,2276.23,1299.83,1,19,1.05556,143.333,24,1236.15,1123.89,2116,2113
1,5,74,RSA-SHA224_signed-by_RSA-SHA512,RSA-SHA224_signed-by_RSA-SHA512,14.737,2838.51,1054.19,0.8,4,0.266667,211.333,15,1174.69,1101.71,2116,2113
1,6,76,RSA-SHA224_signed-by_RSA-SHA512,RSA-SHA224_signed-by_RSA-SHA512,19.962,2095.49,1259.94,1,8,0.470588,139.882,10,1142.44,1114.99,2116,2113
1,7,70,RSA-SHA224_signed-by_RSA-SHA512,RSA-SHA224_signed-by_RSA-SHA512,12.229,3420.69,1062.38,1,0,0,138.8,17,1154.06,1130.67,2116,2113
1,2,67,RSA-SHA224_signed-by_RSA-SHA512,RSA-SHA224_signed-by_RSA-SHA512,13.334,3137.19,993.533,0.272727,0,0,129.636,24,1148.82,1106.04,2116,2113
1,4,9,RSA-SHA224_signed-by_RSA-SHA512,RSA-SHA224_signed-by_RSA-SHA512,14.898,2807.83,1271.55,0.846154,11,0.846154,179.231,24,1145.23,1100.64,2116,2113
1,8,71,RSA-SHA224_signed-by_RSA-SHA512,RSA-SHA224_signed-by_RSA-SHA512,18.862,2217.72,967.839,1,7,0.4375,143,17,1147.38,1181.44,2116,2113
1,1,69,RSA-SHA224_signed-by_RSA-SHA512,RSA-SHA224_signed-by_RSA-SHA512,14.457,2893.52,898.656,1,0,0,138.8,24,1192.13,1164.87,2116,2113
1,5,75,RSA-SHA224_signed-by_RSA-SHA512,RSA-SHA224_signed-by_RSA-SHA512,13.532,3091.33,960.091,1,0,0,138.8,15,1158.71,1171.21,2116,2113
1,6,77,RSA-SHA224_signed-by_RSA-SHA512,RSA-SHA224_signed-by_RSA-SHA512,15.384,2719.13,1525.71,1,15,0.75,128,10,1158.8,1186.74,2116,2113
1,8,72,RSA-SHA224_signed-by_RSA-SHA512,RSA-SHA224_signed-by_RSA-SHA512,12.661,3303.92,1180.29,1,2,0.142857,112.286,17,1142,1113.88,2116,2113
1,6,78,RSA-SHA224_signed-by_RSA-SHA512,RSA-SHA224_signed-by_RSA-SHA512,9.998,4184.02,1886.77,1,2,0.153846,152.462,10,1165.22,1090.8,2116,2113
1,1,70,RSA-SHA224_signed-by_RSA-SHA512,RSA-SHA224_signed-by_RSA-SHA512,13.907,3007.89,1362.15,1,11,0.846154,168.154,24,1134.23,1096.63,2116,2113
1,7,71,RSA-SHA224_signed-by_RSA-SHA512,RSA-SHA224_signed-by_RSA-SHA512,25.68,1628.95,900.922,1,16,0.761905,111.143,17,1250.34,1172.88,2116,2113
1,5,76,RSA-SHA224_signed-by_RSA-SHA512,RSA-SHA224_signed-by_RSA-SHA512,15.626,2676.97,1832.77,1,32,1.45455,136.182,15,1176.03,1120.24,2116,2113
1,4,10,RSA-SHA224_signed-by_RSA-SHA512,RSA-SHA224_signed-by_RSA-SHA512,27.408,1526.24,1061.27,1,27,1.125,137.5,24,1147.78,1105.91,2116,2113
1,8,73,RSA-SHA224_signed-by_RSA-SHA512,RSA-SHA224_signed-by_RSA-SHA512,11.92,3509.36,1089.92,1,4,0.4,138.8,17,1335.43,1202.48,2116,2113
1,1,71,RSA-SHA224_signed-by_RSA-SHA512,RSA-SHA224_signed-by_RSA-SHA512,10.694,3911.72,1214.89,1,0,0,149.6,24,1271.33,1158.91,2116,2113
1,7,72,RSA-SHA224_signed-by_RSA-SHA512,RSA-SHA224_signed-by_RSA-SHA512,11.224,3726.98,1157.51,1,0,0,138.8,17,1136.18,1139.82,2116,2113
1,2,68,RSA-SHA224_signed-by_RSA-SHA512,RSA-SHA224_signed-by_RSA-SHA512,38.358,1090.55,743.716,1,29,1.03571,120,24,1176.36,1251.41,2116,2113
1,6,79,RSA-SHA224_signed-by_RSA-SHA512,RSA-SHA224_signed-by_RSA-SHA512,18.395,2274.01,1288.12,1,18,1.05882,174,10,1611.17,1635.64,2116,2113
1,5,77,RSA-SHA224_signed-by_RSA-SHA512,RSA-SHA224_signed-by_RSA-SHA512,17.399,2404.17,2440.49,1,40,1.11111,154.333,15,1286.92,1258.39,2116,2113
1,1,72,RSA-SHA224_signed-by_RSA-SHA512,RSA-SHA224_signed-by_RSA-SHA512,13.464,3106.86,983.927,1,0,0,137.273,24,1159.17,1146.64,2116,2113
1,8,74,RSA-SHA224_signed-by_RSA-SHA512,RSA-SHA224_signed-by_RSA-SHA512,15.769,2652.7,1001.42,1,8,0.5,173,17,1147.27,1113.22,2116,2113
1,6,80,RSA-SHA224_signed-by_RSA-SHA512,RSA-SHA224_signed-by_RSA-SHA512,13.881,3013.52,943.995,0.818182,0,0,135.818,10,1156.34,1124.76,2116,2113
1,7,73,RSA-SHA224_signed-by_RSA-SHA512,RSA-SHA224_signed-by_RSA-SHA512,20.647,2026.05,926.815,1,12,0.857143,156.286,17,1126.69,1108.24,2116,2113
1,4,11,RSA-SHA224_signed-by_RSA-SHA512,RSA-SHA224_signed-by_RSA-SHA512,26.786,1561.67,1246.59,1,33,1.26923,140.923,24,1137.76,1110.82,2116,2113
1,2,69,RSA-SHA224_signed-by_RSA-SHA512,RSA-SHA224_signed-by_RSA-SHA512,17.294,2418.78,1371.06,1,20,0.952381,248.095,24,1153.77,1162.53,2116,2113
1,5,78,RSA-SHA224_signed-by_RSA-SHA512,RSA-SHA224_signed-by_RSA-SHA512,18.142,2305.72,859.851,1,3,0.2,325.733,15,1152.82,1106.34,2116,2113
1,1,73,RSA-SHA224_signed-by_RSA-SHA512,RSA-SHA224_signed-by_RSA-SHA512,15.111,2768.26,872.459,1,7,0.636364,139.455,24,1130.74,1104.64,2116,2113
1,8,75,RSA-SHA224_signed-by_RSA-SHA512,RSA-SHA224_signed-by_RSA-SHA512,17.344,2411.81,895.724,1,4,0.266667,195.333,17,1137.27,1115.67,2116,2113
1,6,81,RSA-SHA224_signed-by_RSA-SHA512,RSA-SHA224_signed-by_RSA-SHA512,13.342,3135.31,982.145,1,0,0,129.273,10,1129.58,1100.8,2116,2113
1,7,74,RSA-SHA224_signed-by_RSA-SHA512,RSA-SHA224_signed-by_RSA-SHA512,13.341,3135.55,973.827,1,4,0.4,138.8,17,1146.01,1166.56,2116,2113
1,2,70,RSA-SHA224_signed-by_RSA-SHA512,RSA-SHA224_signed-by_RSA-SHA512,12.244,3416.51,1061.08,1,4,0.4,138.8,24,1110.74,1124.33,2116,2113
1,5,79,RSA-SHA224_signed-by_RSA-SHA512,RSA-SHA224_signed-by_RSA-SHA512,13.548,3087.63,1420.7,1,12,0.8,148.133,15,1765.87,1576.35,2116,2113
1,1,74,RSA-SHA224_signed-by_RSA-SHA512,RSA-SHA224_signed-by_RSA-SHA512,12.477,3352.67,1418.27,1,8,0.444444,189.778,24,1148.79,1137.7,2116,2113
1,6,82,RSA-SHA224_signed-by_RSA-SHA512,RSA-SHA224_signed-by_RSA-SHA512,7.609,5497.19,1707.29,1,0,0,138.8,10,1149.68,1124.26,2116,2113
1,4,12,RSA-SHA224_signed-by_RSA-SHA512,RSA-SHA224_signed-by_RSA-SHA512,23.926,1748.37,948.243,1,20,1.05263,141.579,24,1154.86,1325.4,2116,2113
1,8,76,RSA-SHA224_signed-by_RSA-SHA512,RSA-SHA224_signed-by_RSA-SHA512,14.426,2899.68,1261.02,1,8,0.5,113,17,1125.91,1241.43,2116,2113
1,7,75,RSA-SHA224_signed-by_RSA-SHA512,RSA-SHA224_signed-by_RSA-SHA512,16.609,2518.5,1548.96,1,17,0.653846,141.231,17,1135.78,1099.09,2116,2113
1,5,80,RSA-SHA224_signed-by_RSA-SHA512,RSA-SHA224_signed-by_RSA-SHA512,14.942,2799.47,869.448,1,0,0,138.8,15,1117.15,1107.06,2116,2113
1,8,77,RSA-SHA224_signed-by_RSA-SHA512,RSA-SHA224_signed-by_RSA-SHA512,10.909,3834.55,1214.38,0.818182,0,0,129.636,17,1321.39,1128.18,2116,2113
1,1,75,RSA-SHA224_signed-by_RSA-SHA512,RSA-SHA224_signed-by_RSA-SHA512,17.513,2388.5,1081.65,1,11,0.846154,165.385,24,1131.85,1159.81,2116,2113
1,2,71,RSA-SHA224_signed-by_RSA-SHA512,RSA-SHA224_signed-by_RSA-SHA512,24.274,1723.28,1169.95,1,28,1.12,223.6,24,1173.66,1091.19,2116,2113
1,4,13,RSA-SHA224_signed-by_RSA-SHA512,RSA-SHA224_signed-by_RSA-SHA512,16.957,2466.83,1383.2,1,18,0.9,143,24,1124.86,1117.94,2116,2113
1,6,83,RSA-SHA224_signed-by_RSA-SHA512,RSA-SHA224_signed-by_RSA-SHA512,22.111,1891.87,1455.9,1,29,1.07407,116.667,10,1146.15,1127.11,2116,2113
1,7,76,RSA-SHA224_signed-by_RSA-SHA512,RSA-SHA224_signed-by_RSA-SHA512,16.606,2518.99,824.729,1,7,0.538462,115.538,17,1135.69,1111.28,2116,2113
1,5,81,RSA-SHA224_signed-by_RSA-SHA512,RSA-SHA224_signed-by_RSA-SHA512,13.694,3054.71,948.719,1,0,0,138.8,15,1152.35,1141.02,2116,2113
1,8,78,RSA-SHA224_signed-by_RSA-SHA512,RSA-SHA224_signed-by_RSA-SHA512,14.295,2926.25,1325.18,1,11,0.846154,179.231,17,1138.97,1120.18,2116,2113
1,1,76,RSA-SHA224_signed-by_RSA-SHA512,RSA-SHA224_signed-by_RSA-SHA512,14.415,2901.89,1081.06,0.818182,7,0.636364,140.545,24,1180.63,1114.18,2116,2113
1,4,14,RSA-SHA224_signed-by_RSA-SHA512,RSA-SHA224_signed-by_RSA-SHA512,11.63,3596.6,1133.52,1,5,0.454545,139.455,24,1235.71,1166.95,2116,2113
1,6,84,RSA-SHA224_signed-by_RSA-SHA512,RSA-SHA224_signed-by_RSA-SHA512,13.876,3014.66,954.73,1,0,0,139.455,10,1174.19,1117.18,2116,2113
1,2,72,RSA-SHA224_signed-by_RSA-SHA512,RSA-SHA224_signed-by_RSA-SHA512,20.901,2001.36,861.168,1,7,0.466667,121.2,24,1143.24,1133.51,2116,2113
1,7,77,RSA-SHA224_signed-by_RSA-SHA512,RSA-SHA224_signed-by_RSA-SHA512,13.925,3004.07,1088.11,1,0,0,204.154,17,1364.79,1122.77,2116,2113
1,5,82,RSA-SHA224_signed-by_RSA-SHA512,RSA-SHA224_signed-by_RSA-SHA512,18.482,2263.32,1217.15,1,14,0.777778,123.333,15,1186.45,1152.01,2116,2113
1,4,15,RSA-SHA224_signed-by_RSA-SHA512,RSA-SHA224_signed-by_RSA-SHA512,13.926,3003.84,1120.19,0.533333,3,0.2,197.733,24,1599.7,1593.07,2116,2113
1,1,77,RSA-SHA224_signed-by_RSA-SHA512,RSA-SHA224_signed-by_RSA-SHA512,17.231,2427.67,1361.24,1,18,0.9,236.6,24,1163.54,1135.13,2116,2113
1,2,73,RSA-SHA224_signed-by_RSA-SHA512,RSA-SHA224_signed-by_RSA-SHA512,10.43,4010.39,1245.53,0.6,4,0.4,138.8,24,1147.03,1117.97,2116,2113
1,6,85,RSA-SHA224_signed-by_RSA-SHA512,RSA-SHA224_signed-by_RSA-SHA512,14.107,2965.28,934.555,0.818182,7,0.636364,139.455,10,1153.84,1128.51,2116,2113
1,8,79,RSA-SHA224_signed-by_RSA-SHA512,RSA-SHA224_signed-by_RSA-SHA512,21.562,1940.02,896.366,1,17,1.13333,218.8,17,1598.11,1583.37,2116,2113
1,7,78,RSA-SHA224_signed-by_RSA-SHA512,RSA-SHA224_signed-by_RSA-SHA512,12.789,3270.9,1015.86,0.9,0,0,141.2,17,1159.48,1087.63,2116,2113
1,5,83,RSA-SHA224_signed-by_RSA-SHA512,RSA-SHA224_signed-by_RSA-SHA512,13.436,3113.36,981.224,1,7,0.636364,129.636,15,1144.06,1113.44,2116,2113
1,4,16,RSA-SHA224_signed-by_RSA-SHA512,RSA-SHA224_signed-by_RSA-SHA512,13.619,3071.52,1302.85,1,7,0.5,136.571,24,1149.29,1230.81,2116,2113
1,1,78,RSA-SHA224_signed-by_RSA-SHA512,RSA-SHA224_signed-by_RSA-SHA512,13.609,3073.77,954.639,1,4,0.4,149.6,24,1134.15,1163.52,2116,2113
1,2,74,RSA-SHA224_signed-by_RSA-SHA512,RSA-SHA224_signed-by_RSA-SHA512,13.117,3189.07,1532.02,1,14,0.777778,171.333,24,1156.74,1093.79,2116,2113
1,8,80,RSA-SHA224_signed-by_RSA-SHA512,RSA-SHA224_signed-by_RSA-SHA512,13.35,3133.39,1187.68,0.9375,3,0.1875,175.25,17,1134.16,1184.2,2116,2113
1,6,86,RSA-SHA224_signed-by_RSA-SHA512,RSA-SHA224_signed-by_RSA-SHA512,17.481,2392.93,1330.78,0.947368,17,0.894737,267.684,10,1134.74,1104.36,2116,2113
1,7,79,RSA-SHA224_signed-by_RSA-SHA512,RSA-SHA224_signed-by_RSA-SHA512,16.374,2554.73,793.436,1,0,0,138.8,17,1798.62,1574.16,2116,2113
1,4,17,RSA-SHA224_signed-by_RSA-SHA512,RSA-SHA224_signed-by_RSA-SHA512,12.518,3341.48,1037.78,0.3,0,0,149.6,24,1123.21,1148.71,2116,2113
1,5,84,RSA-SHA224_signed-by_RSA-SHA512,RSA-SHA224_signed-by_RSA-SHA512,15.419,2712.98,1171.53,0.352941,4,0.235294,192.118,15,1192.59,1113.08,2116,2113
1,1,79,RSA-SHA224_signed-by_RSA-SHA512,RSA-SHA224_signed-by_RSA-SHA512,14.336,2917.77,1070.24,0.357143,3,0.214286,209.143,24,1600.78,1679.92,2116,2113
1,2,75,RSA-SHA224_signed-by_RSA-SHA512,RSA-SHA224_signed-by_RSA-SHA512,15.453,2707.03,1009.51,0.333333,3,0.2,182,24,1182.66,1115.21,2116,2113
1,8,81,RSA-SHA224_signed-by_RSA-SHA512,RSA-SHA224_signed-by_RSA-SHA512,13.504,3097.54,802.079,0.714286,0,0,175.143,17,1499.1,1122.45,2116,2113
1,6,87,RSA-SHA224_signed-by_RSA-SHA512,RSA-SHA224_signed-by_RSA-SHA512,14.989,2790.83,866.763,0.5,0,0,149.6,10,1141.62,1126.91,2116,2113
1,7,80,RSA-SHA224_signed-by_RSA-SHA512,RSA-SHA224_signed-by_RSA-SHA512,14.149,2956.52,918.224,0.8,0,0,138.8,17,1142.68,1102.03,2116,2113
1,4,18,RSA-SHA224_signed-by_RSA-SHA512,RSA-SHA224_signed-by_RSA-SHA512,14.312,2922.85,921.181,1,7,0.636364,139.455,24,1146.89,1122.18,2116,2113
1,1,80,RSA-SHA224_signed-by_RSA-SHA512,RSA-SHA224_signed-by_RSA-SHA512,12.033,3476.16,1079.61,1,0,0,398.4,24,1159.02,1108.63,2116,2113
1,2,76,RSA-SHA224_signed-by_RSA-SHA512,RSA-SHA224_signed-by_RSA-SHA512,10.907,3835.05,1191.07,1,0,0,138.8,24,1146.25,1084.81,2116,2113
1,5,85,RSA-SHA224_signed-by_RSA-SHA512,RSA-SHA224_signed-by_RSA-SHA512,18.763,2229.43,1009.62,1,11,0.846154,165.385,15,1191.65,1143.67,2116,2113
1,8,82,RSA-SHA224_signed-by_RSA-SHA512,RSA-SHA224_signed-by_RSA-SHA512,15.462,2705.41,1287.26,0.823529,7,0.411765,179.176,17,1135.4,1115.65,2116,2113
1,6,88,RSA-SHA224_signed-by_RSA-SHA512,RSA-SHA224_signed-by_RSA-SHA512,14.047,2977.91,961.316,1,0,0,131,10,1143.51,1116.2,2116,2113
1,7,81,RSA-SHA224_signed-by_RSA-SHA512,RSA-SHA224_signed-by_RSA-SHA512,14.426,2899.67,900.567,1,4,0.4,138.8,17,1179.36,1109.34,2116,2113
1,1,81,RSA-SHA224_signed-by_RSA-SHA512,RSA-SHA224_signed-by_RSA-SHA512,10.57,3957.59,1229.13,0.3,0,0,149.6,24,1134.21,1126.16,2116,2113
1,2,77,RSA-SHA224_signed-by_RSA-SHA512,RSA-SHA224_signed-by_RSA-SHA512,11.304,3700.6,1171.96,0.727273,0,0,129.636,24,1132.74,1174.13,2116,2113
1,4,19,RSA-SHA224_signed-by_RSA-SHA512,RSA-SHA224_signed-by_RSA-SHA512,16.68,2507.82,1410.02,0.8,17,0.85,269.2,24,1138.34,1128.41,2116,2113
1,8,83,RSA-SHA224_signed-by_RSA-SHA512,RSA-SHA224_signed-by_RSA-SHA512,11.124,3760.5,1167.92,0.8,0,0,138.8,17,1202.2,1123.27,2116,2113
1,5,86,RSA-SHA224_signed-by_RSA-SHA512,RSA-SHA224_signed-by_RSA-SHA512,12.858,3253.34,1010.41,0.8,0,0,138.8,15,1149.88,1120.96,2116,2113
1,6,89,RSA-SHA224_signed-by_RSA-SHA512,RSA-SHA224_signed-by_RSA-SHA512,13.348,3133.91,973.315,0.8,0,0,149.6,10,1249.83,1109.84,2116,2113
1,7,82,RSA-SHA224_signed-by_RSA-SHA512,RSA-SHA224_signed-by_RSA-SHA512,12.754,3279.87,1203.06,0.357143,3,0.214286,192.286,17,1134.46,1152.77,2116,2113
1,1,82,RSA-SHA224_signed-by_RSA-SHA512,RSA-SHA224_signed-by_RSA-SHA512,13.606,3074.46,1392.3,0.384615,11,0.846154,179.231,24,1176.22,1131.69,2116,2113
1,2,78,RSA-SHA224_signed-by_RSA-SHA512,RSA-SHA224_signed-by_RSA-SHA512,13.764,3039.16,943.89,0.3,0,0,138.8,24,1180.35,1101.04,2116,2113
1,4,20,RSA-SHA224_signed-by_RSA-SHA512,RSA-SHA224_signed-by_RSA-SHA512,11.331,3691.81,1371.1,0.266667,8,0.533333,119.6,24,1149.82,1133.56,2116,2113
1,8,84,RSA-SHA224_signed-by_RSA-SHA512,RSA-SHA224_signed-by_RSA-SHA512,12.9,3242.74,1209.28,0.6,7,0.466667,113.2,17,1128.16,1132.95,2116,2113
1,5,87,RSA-SHA224_signed-by_RSA-SHA512,RSA-SHA224_signed-by_RSA-SHA512,12.949,3230.48,1003.31,0.9,0,0,138.8,15,1146.3,1087.64,2116,2113
1,6,90,RSA-SHA224_signed-by_RSA-SHA512,RSA-SHA224_signed-by_RSA-SHA512,13.675,3058.94,950.031,0.9,0,0,149.6,10,1169.54,1112.74,2116,2113
1,7,83,RSA-SHA224_signed-by_RSA-SHA512,RSA-SHA224_signed-by_RSA-SHA512,14.657,2853.98,886.377,0.9,0,0,138.8,17,1232.61,1118.27,2116,2113
1,2,79,RSA-SHA224_signed-by_RSA-SHA512,RSA-SHA224_signed-by_RSA-SHA512,13.379,3126.64,971.058,0.6,0,0,138.8,24,1598.19,1566.62,2116,2113
1,1,83,RSA-SHA224_signed-by_RSA-SHA512,RSA-SHA224_signed-by_RSA-SHA512,15.392,2717.69,844.05,0.9,0,0,149.6,24,1104.25,1121.15,2116,2113
1,8,85,RSA-SHA224_signed-by_RSA-SHA512,RSA-SHA224_signed-by_RSA-SHA512,11.033,3791.49,1177.55,0.5,0,0,140,17,1178.57,1096.93,2116,2113
1,4,21,RSA-SHA224_signed-by_RSA-SHA512,RSA-SHA224_signed-by_RSA-SHA512,14.216,2942.52,1332.55,0.769231,11,0.846154,165.385,24,1206.94,1115.55,2116,2113
1,5,88,RSA-SHA224_signed-by_RSA-SHA512,RSA-SHA224_signed-by_RSA-SHA512,13.78,3035.61,942.786,0.6,0,0,138.8,15,1137.57,1108.11,2116,2113
1,6,91,RSA-SHA224_signed-by_RSA-SHA512,RSA-SHA224_signed-by_RSA-SHA512,14.645,2856.33,953.75,0.5,1,0.0833333,132.667,10,1231.62,1107.57,2116,2113
1,1,84,RSA-SHA224_signed-by_RSA-SHA512,RSA-SHA224_signed-by_RSA-SHA512,11.615,3601.53,1118.55,0.6,0,0,149.6,24,1132.26,1158.1,2116,2113
1,8,86,RSA-SHA224_signed-by_RSA-SHA512,RSA-SHA224_signed-by_RSA-SHA512,10.738,3895.36,1209.8,0.6,0,0,138.8,17,1152.26,1147.64,2116,2113
1,7,84,RSA-SHA224_signed-by_RSA-SHA512,RSA-SHA224_signed-by_RSA-SHA512,18.781,2227.28,705.369,1,0,0,129.636,17,1160.19,1109.42,2116,2113
1,4,22,RSA-SHA224_signed-by_RSA-SHA512,RSA-SHA224_signed-by_RSA-SHA512,15.747,2656.45,825.03,0.6,0,0,138.8,24,1224.3,1168.33,2116,2113
1,2,80,RSA-SHA224_signed-by_RSA-SHA512,RSA-SHA224_signed-by_RSA-SHA512,19.876,2104.58,962.736,0.785714,12,0.857143,296.857,24,1164.01,1097.26,2116,2113
1,5,89,RSA-SHA224_signed-by_RSA-SHA512,RSA-SHA224_signed-by_RSA-SHA512,17.636,2371.9,736.656,1,0,0,138.8,15,1125.34,1119.4,2116,2113
1,6,92,RSA-SHA224_signed-by_RSA-SHA512,RSA-SHA224_signed-by_RSA-SHA512,15.165,2758.39,856.689,1,0,0,244.4,10,1235.61,1110.76,2116,2113
1,1,85,RSA-SHA224_signed-by_RSA-SHA512,RSA-SHA224_signed-by_RSA-SHA512,15.852,2638.84,1195.02,1,11,0.846154,179.231,24,1107.08,1109.77,2116,2113
1,8,87,RSA-SHA224_signed-by_RSA-SHA512,RSA-SHA224_signed-by_RSA-SHA512,16.943,2468.91,1047.24,1,7,0.5,127.143,17,1134.87,1246.66,2116,2113
1,7,85,RSA-SHA224_signed-by_RSA-SHA512,RSA-SHA224_signed-by_RSA-SHA512,15.142,2762.58,891.801,1,0,0,122,17,1149.89,1126.73,2116,2113
1,4,23,RSA-SHA224_signed-by_RSA-SHA512,RSA-SHA224_signed-by_RSA-SHA512,15.578,2685.25,833.972,1,0,0,138.8,24,1141.93,1106.49,2116,2113
1,2,81,RSA-SHA224_signed-by_RSA-SHA512,RSA-SHA224_signed-by_RSA-SHA512,16.317,2563.6,1525.71,1,22,1.375,186.5,24,1136.69,1117.64,2116,2113
1,5,90,RSA-SHA224_signed-by_RSA-SHA512,RSA-SHA224_signed-by_RSA-SHA512,14.588,2867.49,903.733,1,5,0.454545,129.636,15,1143.87,1168.66,2116,2113
1,6,93,RSA-SHA224_signed-by_RSA-SHA512,RSA-SHA224_signed-by_RSA-SHA512,14.548,2875.39,893.025,1,0,0,149.6,10,1157.58,1242.62,2116,2113
1,8,88,RSA-SHA224_signed-by_RSA-SHA512,RSA-SHA224_signed-by_RSA-SHA512,12.189,3431.91,1065.87,1,0,0,138.8,17,1105.6,1110.41,2116,2113
1,7,86,RSA-SHA224_signed-by_RSA-SHA512,RSA-SHA224_signed-by_RSA-SHA512,13.435,3113.6,1358.81,1,7,0.4375,116,17,1172.33,1125.14,2116,2113
1,1,86,RSA-SHA224_signed-by_RSA-SHA512,RSA-SHA224_signed-by_RSA-SHA512,18.659,2241.84,1347.93,1,22,1.29412,239.882,24,1195.93,1102.33,2116,2113
1,4,24,RSA-SHA224_signed-by_RSA-SHA512,RSA-SHA224_signed-by_RSA-SHA512,14.356,2913.84,904.969,1,0,0,138.8,24,1281.6,1135.79,2116,2113
1,2,82,RSA-SHA224_signed-by_RSA-SHA512,RSA-SHA224_signed-by_RSA-SHA512,12.561,3330.28,1034.3,1,0,0,138.8,24,1149.59,1123.14,2116,2113
1,5,91,RSA-SHA224_signed-by_RSA-SHA512,RSA-SHA224_signed-by_RSA-SHA512,17.525,2386.9,1338.38,0.95,20,1,301.2,15,1162.35,1113.19,2116,2113
1,6,94,RSA-SHA224_signed-by_RSA-SHA512,RSA-SHA224_signed-by_RSA-SHA512,15.379,2720,908.228,0.916667,1,0.0833333,132.667,10,1178.69,1113.76,2116,2113
1,8,89,RSA-SHA224_signed-by_RSA-SHA512,RSA-SHA224_signed-by_RSA-SHA512,15.114,2767.71,1253.38,1,11,0.846154,165.385,17,1148.19,1129.37,2116,2113
1,7,87,RSA-SHA224_signed-by_RSA-SHA512,RSA-SHA224_signed-by_RSA-SHA512,12.46,3357.27,1042.69,1,0,0,138.8,17,1109.36,1097.81,2116,2113
1,4,25,RSA-SHA224_signed-by_RSA-SHA512,RSA-SHA224_signed-by_RSA-SHA512,10.95,3819.93,1186.38,0.9,0,0,138.8,24,1151.4,1093.49,2116,2113
1,2,83,RSA-SHA224_signed-by_RSA-SHA512,RSA-SHA224_signed-by_RSA-SHA512,11.621,3599.68,1117.97,0.9,0,0,138.8,24,1147.37,1097.56,2116,2113
1,1,87,RSA-SHA224_signed-by_RSA-SHA512,RSA-SHA224_signed-by_RSA-SHA512,19.08,2192.35,1278.77,1,23,1.15,143,24,1139.02,1153.51,2116,2113
1,8,90,RSA-SHA224_signed-by_RSA-SHA512,RSA-SHA224_signed-by_RSA-SHA512,9.936,4210.1,1544.27,1,8,0.571429,118.571,17,1177.14,1126.46,2116,2113
1,7,88,RSA-SHA224_signed-by_RSA-SHA512,RSA-SHA224_signed-by_RSA-SHA512,9.552,4378.94,1359.99,1,0,0,138.8,17,1161.14,1108.55,2116,2113
1,2,84,RSA-SHA224_signed-by_RSA-SHA512,RSA-SHA224_signed-by_RSA-SHA512,8.661,4829.92,1500.06,1,0,0,138.8,24,1129.73,1279.07,2116,2113
1,4,26,RSA-SHA224_signed-by_RSA-SHA512,RSA-SHA224_signed-by_RSA-SHA512,11.384,3674.53,1558.64,1,7,0.5,127.143,24,1229.74,1101.95,2116,2113
1,8,91,RSA-SHA224_signed-by_RSA-SHA512,RSA-SHA224_signed-by_RSA-SHA512,7.687,5441.36,1798.18,0.833333,0,0,123,17,1150.91,1124.81,2116,2113
1,6,95,RSA-SHA224_signed-by_RSA-SHA512,RSA-SHA224_signed-by_RSA-SHA512,20.162,2074.79,1292.73,1,10,0.526316,119.263,10,1617.02,1562.63,2116,2113
1,7,89,RSA-SHA224_signed-by_RSA-SHA512,RSA-SHA224_signed-by_RSA-SHA512,8.919,4689.73,1456.52,1,0,0,138.8,17,1364.69,1113.94,2116,2113
1,4,27,RSA-SHA224_signed-by_RSA-SHA512,RSA-SHA224_signed-by_RSA-SHA512,9.612,4351.66,2023.95,1,11,0.733333,145.2,24,1144.03,1157.21,2116,2113
1,8,92,RSA-SHA224_signed-by_RSA-SHA512,RSA-SHA224_signed-by_RSA-SHA512,11.563,3617.65,1212.11,1,0,0,106.571,17,1141.27,1101.92,2116,2113
1,2,85,RSA-SHA224_signed-by_RSA-SHA512,RSA-SHA224_signed-by_RSA-SHA512,18.718,2234.85,1212.09,1,15,0.789474,117.579,24,1146.13,1110.72,2116,2113
1,7,90,RSA-SHA224_signed-by_RSA-SHA512,RSA-SHA224_signed-by_RSA-SHA512,14.745,2836.88,1284.71,1,11,0.846154,165.385,18,1157.12,1120.59,2116,2113
1,4,28,RSA-SHA224_signed-by_RSA-SHA512,RSA-SHA224_signed-by_RSA-SHA512,11.729,3566.4,1815.6,0.941176,18,1.05882,142.471,24,1128.9,1166.39,2116,2113
1,6,96,RSA-SHA224_signed-by_RSA-SHA512,RSA-SHA224_signed-by_RSA-SHA512,16.641,2513.79,1089.36,1,9,0.5625,122.75,10,1145.4,1106.57,2116,2113
1,5,92,RSA-SHA224_signed-by_RSA-SHA512,RSA-SHA224_signed-by_RSA-SHA512,39.251,1065.75,497.31,1,18,1.125,146,15,1147.35,1242.99,2116,2113
1,1,88,RSA-SHA224_signed-by_RSA-SHA512,RSA-SHA224_signed-by_RSA-SHA512,29.541,1416.05,893.124,1,30,1.11111,193.556,24,1165.62,1120.51,2116,2113
1,8,93,RSA-SHA224_signed-by_RSA-SHA512,RSA-SHA224_signed-by_RSA-SHA512,14.555,2873.96,910.17,1,0,0,129.636,17,1133.21,1110.09,2116,2113
1,2,86,RSA-SHA224_signed-by_RSA-SHA512,RSA-SHA224_signed-by_RSA-SHA512,15.075,2774.83,861.794,1,0,0,138.8,24,1133.73,1124.16,2116,2113
1,6,97,RSA-SHA224_signed-by_RSA-SHA512,RSA-SHA224_signed-by_RSA-SHA512,12.039,3474.67,1079.15,1,0,0,146,10,1144.86,1119.89,2116,2113
1,7,91,RSA-SHA224_signed-by_RSA-SHA512,RSA-SHA224_signed-by_RSA-SHA512,15.187,2754.38,1175.71,1,7,0.466667,120.933,18,1138.66,1099.79,2116,2113
1,1,89,RSA-SHA224_signed-by_RSA-SHA512,RSA-SHA224_signed-by_RSA-SHA512,11.902,3514.67,1091.57,1,0,0,163.2,24,1151.12,1120.54,2116,2113
1,5,93,RSA-SHA224_signed-by_RSA-SHA512,RSA-SHA224_signed-by_RSA-SHA512,13.917,3005.76,947.311,1,3,0.272727,223.455,15,1146.03,1123.47,2116,2113
1,8,94,RSA-SHA224_signed-by_RSA-SHA512,RSA-SHA224_signed-by_RSA-SHA512,15.713,2662.2,1141.45,1,8,0.533333,121.2,17,1147.4,1132.63,2116,2113
1,4,29,RSA-SHA224_signed-by_RSA-SHA512,RSA-SHA224_signed-by_RSA-SHA512,26.121,1601.45,1142.36,1,30,1.42857,162.571,24,1151.86,1118.32,2116,2113
1,6,98,RSA-SHA224_signed-by_RSA-SHA512,RSA-SHA224_signed-by_RSA-SHA512,13.887,3012.29,935.544,1,4,0.4,138.8,10,1135.37,1130,2116,2113
1,2,87,RSA-SHA224_signed-by_RSA-SHA512,RSA-SHA224_signed-by_RSA-SHA512,16.546,2528.16,800.657,1,0,0,129.636,24,1122.53,1097.02,2116,2113
1,7,92,RSA-SHA224_signed-by_RSA-SHA512,RSA-SHA224_signed-by_RSA-SHA512,14.62,2861.26,888.636,1,0,0,234.8,18,1112.29,1151.59,2116,2113
1,5,94,RSA-SHA224_signed-by_RSA-SHA512,RSA-SHA224_signed-by_RSA-SHA512,13.746,3043.19,1692.41,1,17,0.894737,246.421,15,1133.01,1094.5,2116,2113
1,1,90,RSA-SHA224_signed-by_RSA-SHA512,RSA-SHA224_signed-by_RSA-SHA512,16.747,2497.83,1131.17,1,11,0.846154,196.462,24,1132.93,1089.03,2116,2113
1,8,95,RSA-SHA224_signed-by_RSA-SHA512,RSA-SHA224_signed-by_RSA-SHA512,13.626,3069.96,953.456,1,0,0,138.8,17,1623.43,1591.23,2116,2113
1,7,93,RSA-SHA224_signed-by_RSA-SHA512,RSA-SHA224_signed-by_RSA-SHA512,12.312,3397.58,1105.89,1,0,0,115.231,18,1144.5,1123.48,2116,2113
1,1,91,RSA-SHA224_signed-by_RSA-SHA512,RSA-SHA224_signed-by_RSA-SHA512,12.96,3227.69,1002.44,1,0,0,163.2,24,1110.72,1141.52,2116,2113
1,5,95,RSA-SHA224_signed-by_RSA-SHA512,RSA-SHA224_signed-by_RSA-SHA512,15.587,2683.69,833.49,1,0,0,138.8,15,1620.01,1611.46,2116,2113
1,6,99,RSA-SHA224_signed-by_RSA-SHA512,RSA-SHA224_signed-by_RSA-SHA512,19.404,2155.76,1525.4,1,24,0.923077,150.615,10,1151.16,1200.95,2116,2113
1,4,30,RSA-SHA224_signed-by_RSA-SHA512,RSA-SHA224_signed-by_RSA-SHA512,24.101,1735.68,1485.07,1,41,1.70833,177,24,1180.54,1124.48,2116,2113
1,2,88,RSA-SHA224_signed-by_RSA-SHA512,RSA-SHA224_signed-by_RSA-SHA512,24.035,1740.44,1299.42,1,35,1.66667,304.286,24,1218.52,1114.17,2116,2113
1,8,96,RSA-SHA224_signed-by_RSA-SHA512,RSA-SHA224_signed-by_RSA-SHA512,14.013,2985.15,927.116,1,0,0,138.8,17,1235.17,1099.43,2116,2113
1,7,94,RSA-SHA224_signed-by_RSA-SHA512,RSA-SHA224_signed-by_RSA-SHA512,16.152,2589.82,804.336,1,0,0,138.8,18,1139.39,1121.01,2116,2113
1,1,92,RSA-SHA224_signed-by_RSA-SHA512,RSA-SHA224_signed-by_RSA-SHA512,13.223,3163.53,982.514,1,0,0,163.2,24,1108.32,1125.34,2116,2113
1,5,96,RSA-SHA224_signed-by_RSA-SHA512,RSA-SHA224_signed-by_RSA-SHA512,14.834,2819.91,893.051,1,0,0,129.636,15,1149.51,1136.57,2116,2113
1,2,89,RSA-SHA224_signed-by_RSA-SHA512,RSA-SHA224_signed-by_RSA-SHA512,10.223,4091.93,1270.85,0.5,0,0,138.8,24,1133.82,1124.17,2116,2113
1,8,97,RSA-SHA224_signed-by_RSA-SHA512,RSA-SHA224_signed-by_RSA-SHA512,11.156,3749.67,1164.56,1,0,0,138.8,17,1109.73,1111.74,2116,2113
1,4,31,RSA-SHA224_signed-by_RSA-SHA512,RSA-SHA224_signed-by_RSA-SHA512,15.806,2646.5,1951.6,1,37,1.94737,200.947,24,1641.84,1604.31,2116,2113
1,7,95,RSA-SHA224_signed-by_RSA-SHA512,RSA-SHA224_signed-by_RSA-SHA512,10.67,3920.5,1217.61,1,0,0,138.8,18,1619.79,1593.81,2116,2113
1,5,97,RSA-SHA224_signed-by_RSA-SHA512,RSA-SHA224_signed-by_RSA-SHA512,9.195,4548.96,1468.47,1,0,0,122,15,1116.14,1098.73,2116,2113
1,1,93,RSA-SHA224_signed-by_RSA-SHA512,RSA-SHA224_signed-by_RSA-SHA512,13.847,3020.91,1295.25,1,8,0.533333,140.667,24,1137.63,1125.37,2116,2113
1,8,98,RSA-SHA224_signed-by_RSA-SHA512,RSA-SHA224_signed-by_RSA-SHA512,10.999,3803.2,1181.18,1,0,0,138.8,17,1147.55,1140.59,2116,2113
1,2,90,RSA-SHA224_signed-by_RSA-SHA512,RSA-SHA224_signed-by_RSA-SHA512,13.246,3157.99,1817.85,1,26,1.36842,137.789,24,1132.32,1211.16,2116,2113
1,4,32,RSA-SHA224_signed-by_RSA-SHA512,RSA-SHA224_signed-by_RSA-SHA512,10.112,4136.83,1536.38,1,8,0.533333,182,24,1203.06,1167.4,2116,2113
1,5,98,RSA-SHA224_signed-by_RSA-SHA512,RSA-SHA224_signed-by_RSA-SHA512,11.062,3781.53,1184.58,1,0,0,158.727,15,1130.75,1247.37,2116,2113
1,7,96,RSA-SHA224_signed-by_RSA-SHA512,RSA-SHA224_signed-by_RSA-SHA512,13.534,3090.77,1311.02,1,7,0.5,127.143,18,1103.58,1367.59,2116,2113
1,8,99,RSA-SHA224_signed-by_RSA-SHA512,RSA-SHA224_signed-by_RSA-SHA512,8.617,4854.09,1520.56,1,0,0,135.818,17,1125.62,1181.69,2116,2113
1,1,94,RSA-SHA224_signed-by_RSA-SHA512,RSA-SHA224_signed-by_RSA-SHA512,13.375,3127.51,1875.67,1,23,1.35294,197.294,24,1148.05,1128.45,2116,2113
1,4,33,RSA-SHA224_signed-by_RSA-SHA512,RSA-SHA224_signed-by_RSA-SHA512,12.039,3474.63,1295.76,0.333333,3,0.2,182,24,1403.3,1124.34,2116,2113
1,5,99,RSA-SHA224_signed-by_RSA-SHA512,RSA-SHA224_signed-by_RSA-SHA512,10.776,3881.94,1423.9,1,7,0.5,118.571,15,1143.76,1130.78,2116,2113
1,2,91,RSA-SHA224_signed-by_RSA-SHA512,RSA-SHA224_signed-by_RSA-SHA512,17.75,2356.62,1321.4,1,22,1.1,258,24,1199.4,1107.93,2116,2113
1,7,97,RSA-SHA224_signed-by_RSA-SHA512,RSA-SHA224_signed-by_RSA-SHA512,14.374,2910.14,1248.87,1,14,0.736842,104.316,18,1141.6,1125.76,2116,2113
1,1,95,RSA-SHA224_signed-by_RSA-SHA512,RSA-SHA224_signed-by_RSA-SHA512,15.02,2785.01,1497.69,1,14,0.777778,136.889,24,1640.58,1615.22,2116,2113
1,4,34,RSA-SHA224_signed-by_RSA-SHA512,RSA-SHA224_signed-by_RSA-SHA512,12.646,3307.85,1403.1,1,7,0.5,127.143,24,1142.23,1121.25,2116,2113
1,2,92,RSA-SHA224_signed-by_RSA-SHA512,RSA-SHA224_signed-by_RSA-SHA512,12.156,3441.18,1283.28,0.6,3,0.2,178.8,24,1133.19,1122.95,2116,2113
1,7,98,RSA-SHA224_signed-by_RSA-SHA512,RSA-SHA224_signed-by_RSA-SHA512,10.81,3869.74,1249.21,0.25,0,0,118,18,1169.13,1120.87,2116,2113
1,1,96,RSA-SHA224_signed-by_RSA-SHA512,RSA-SHA224_signed-by_RSA-SHA512,7.998,5229.71,2242.31,0.733333,12,0.8,244.933,24,1141.23,1101.7,2116,2113
1,4,35,RSA-SHA224_signed-by_RSA-SHA512,RSA-SHA224_signed-by_RSA-SHA512,10.017,4176.01,1322.52,1,0,0,126,24,1132.95,1120.79,2116,2113
1,7,99,RSA-SHA224_signed-by_RSA-SHA512,RSA-SHA224_signed-by_RSA-SHA512,5.965,7011.94,2220.65,1,0,0,125.273,18,1135.95,1124.11,2116,2113
1,2,93,RSA-SHA224_signed-by_RSA-SHA512,RSA-SHA224_signed-by_RSA-SHA512,10.276,4070.72,1816.99,0.789474,8,0.421053,100.947,24,1130.73,1103.1,2116,2113
1,4,36,RSA-SHA224_signed-by_RSA-SHA512,RSA-SHA224_signed-by_RSA-SHA512,6.539,6396.54,2935.87,0.428571,11,0.785714,152.857,24,1144.57,1117.49,2116,2113
1,2,94,RSA-SHA224_signed-by_RSA-SHA512,RSA-SHA224_signed-by_RSA-SHA512,6.169,6780.46,2487.08,0.428571,7,0.5,118.571,24,1194.3,1127.83,2116,2113
1,4,37,RSA-SHA224_signed-by_RSA-SHA512,RSA-SHA224_signed-by_RSA-SHA512,8.514,4912.81,2305.61,0.555556,12,0.666667,107.778,24,1277.38,1119.15,2116,2113
1,1,97,RSA-SHA224_signed-by_RSA-SHA512,RSA-SHA224_signed-by_RSA-SHA512,18.126,2307.83,921.544,0.944444,6,0.333333,195.778,24,1164.09,1105.6,2116,2113
1,2,95,RSA-SHA224_signed-by_RSA-SHA512,RSA-SHA224_signed-by_RSA-SHA512,6.467,6467.74,2159.62,0.333333,1,0.0833333,123.333,24,1782.65,1586.67,2116,2113
1,4,38,RSA-SHA224_signed-by_RSA-SHA512,RSA-SHA224_signed-by_RSA-SHA512,5.407,7735.58,2402.48,0,0,0,138.8,24,1126.72,1161.17,2116,2113
1,1,98,RSA-SHA224_signed-by_RSA-SHA512,RSA-SHA224_signed-by_RSA-SHA512,5.864,7132.71,2215.25,0,0,0,203.6,24,1132.46,1098.54,2116,2113
1,2,96,RSA-SHA224_signed-by_RSA-SHA512,RSA-SHA224_signed-by_RSA-SHA512,5.878,7115.72,2253.52,0,0,0,125.273,24,1151.36,1107.96,2116,2113
1,1,99,RSA-SHA224_signed-by_RSA-SHA512,RSA-SHA224_signed-by_RSA-SHA512,5.068,8253.36,2563.29,0,0,0,203.6,24,1150.54,1111.49,2116,2113
1,4,39,RSA-SHA224_signed-by_RSA-SHA512,RSA-SHA224_signed-by_RSA-SHA512,6.667,6273.83,1986.89,0,0,0,125.273,24,1156.03,1094.86,2116,2113
1,2,97,RSA-SHA224_signed-by_RSA-SHA512,RSA-SHA224_signed-by_RSA-SHA512,7.896,5297.32,1677.64,0,0,0,125.273,24,1138.65,1133.4,2116,2113
1,4,40,RSA-SHA224_signed-by_RSA-SHA512,RSA-SHA224_signed-by_RSA-SHA512,5.559,7524.28,2382.9,0,0,0,125.273,24,1145.49,1104.67,2116,2113
1,2,98,RSA-SHA224_signed-by_RSA-SHA512,RSA-SHA224_signed-by_RSA-SHA512,4.435,9431.25,2986.83,0,0,0,131.818,24,1159.24,1142.98,2116,2113
1,4,41,RSA-SHA224_signed-by_RSA-SHA512,RSA-SHA224_signed-by_RSA-SHA512,6.003,6967.9,2206.7,0,0,0,125.273,24,1200.38,1107.5,2116,2113
1,2,99,RSA-SHA224_signed-by_RSA-SHA512,RSA-SHA224_signed-by_RSA-SHA512,4.505,9284.89,2940.48,0,0,0,125.273,24,1136.65,1117.48,2116,2113
1,4,42,RSA-SHA224_signed-by_RSA-SHA512,RSA-SHA224_signed-by_RSA-SHA512,5.115,8177.72,2589.85,0.363636,0,0,129.636,24,1189.3,1117.4,2116,2113
1,4,43,RSA-SHA224_signed-by_RSA-SHA512,RSA-SHA224_signed-by_RSA-SHA512,4.311,9702.9,3072.86,0,0,0,125.273,24,1132.65,1109.62,2116,2113
1,4,44,RSA-SHA224_signed-by_RSA-SHA512,RSA-SHA224_signed-by_RSA-SHA512,4.321,9680.66,3065.82,0,0,0,125.273,24,1237.69,1129.79,2116,2113
1,4,45,RSA-SHA224_signed-by_RSA-SHA512,RSA-SHA224_signed-by_RSA-SHA512,4.483,9330.85,2955.04,0,0,0,125.273,24,1144.53,1161.57,2116,2113
1,4,46,RSA-SHA224_signed-by_RSA-SHA512,RSA-SHA224_signed-by_RSA-SHA512,4.305,9716.64,3077.21,0,0,0,125.273,24,1219.82,1104.98,2116,2113
1,4,47,RSA-SHA224_signed-by_RSA-SHA512,RSA-SHA224_signed-by_RSA-SHA512,4.824,8671.3,2746.16,0,0,0,125.273,24,1605.9,1592.89,2116,2113
1,4,48,RSA-SHA224_signed-by_RSA-SHA512,RSA-SHA224_signed-by_RSA-SHA512,4.453,9393.71,2974.94,0,0,0,125.273,24,1135.53,1118.7,2116,2113
1,4,49,RSA-SHA224_signed-by_RSA-SHA512,RSA-SHA224_signed-by_RSA-SHA512,4.364,9585.28,3035.61,0,0,0,125.273,24,1132.11,1127.87,2116,2113
1,4,50,RSA-SHA224_signed-by_RSA-SHA512,RSA-SHA224_signed-by_RSA-SHA512,4.361,9591.87,3037.7,0,0,0,125.273,24,1131.23,1103.69,2116,2113
1,4,51,RSA-SHA224_signed-by_RSA-SHA512,RSA-SHA224_signed-by_RSA-SHA512,4.399,9509.02,3011.46,0,0,0,125.273,24,1184.69,1114,2116,2113
1,4,52,RSA-SHA224_signed-by_RSA-SHA512,RSA-SHA224_signed-by_RSA-SHA512,4.413,9478.85,3001.91,0,0,0,125.273,24,1171.23,1122.19,2116,2113
1,4,53,RSA-SHA224_signed-by_RSA-SHA512,RSA-SHA224_signed-by_RSA-SHA512,4.501,9293.54,2943.22,0,0,0,125.273,24,1239.95,1121.2,2116,2113
1,4,54,RSA-SHA224_signed-by_RSA-SHA512,RSA-SHA224_signed-by_RSA-SHA512,4.377,9556.81,3026.6,0,0,0,125.273,24,1139.66,1116.71,2116,2113
1,4,55,RSA-SHA224_signed-by_RSA-SHA512,RSA-SHA224_signed-by_RSA-SHA512,4.36,9594.07,3038.4,0,0,0,125.273,24,1144.41,1135.15,2116,2113
1,4,56,RSA-SHA224_signed-by_RSA-SHA512,RSA-SHA224_signed-by_RSA-SHA512,4.303,9721.16,3078.64,0,0,0,125.273,24,1143.12,1119.91,2116,2113
1,4,57,RSA-SHA224_signed-by_RSA-SHA512,RSA-SHA224_signed-by_RSA-SHA512,4.407,9491.76,3006,0,0,0,125.273,24,1152.96,1121.03,2116,2113
1,4,58,RSA-SHA224_signed-by_RSA-SHA512,RSA-SHA224_signed-by_RSA-SHA512,4.416,9470.89,2999.39,0,0,0,125.273,24,1130.87,1112.3,2116,2113
1,4,59,RSA-SHA224_signed-by_RSA-SHA512,RSA-SHA224_signed-by_RSA-SHA512,4.245,9853.97,3120.71,0,0,0,125.273,24,1222.51,1121.87,2116,2113
1,4,60,RSA-SHA224_signed-by_RSA-SHA512,RSA-SHA224_signed-by_RSA-SHA512,4.434,9433.96,2987.69,0,0,0,125.273,24,1138.92,1108.56,2116,2113
1,4,61,RSA-SHA224_signed-by_RSA-SHA512,RSA-SHA224_signed-by_RSA-SHA512,4.287,9757.44,3090.13,0,0,0,125.273,24,1170.12,1108.34,2116,2113
1,4,62,RSA-SHA224_signed-by_RSA-SHA512,RSA-SHA224_signed-by_RSA-SHA512,4.265,9807.76,3106.07,0,0,0,125.273,24,1132.35,1110.6,2116,2113
1,4,63,RSA-SHA224_signed-by_RSA-SHA512,RSA-SHA224_signed-by_RSA-SHA512,4.839,8644.42,2737.65,0,0,0,125.273,24,1610.34,1658.39,2116,2113
1,4,64,RSA-SHA224_signed-by_RSA-SHA512,RSA-SHA224_signed-by_RSA-SHA512,4.377,9556.81,3026.6,0,0,0,125.273,24,1230.55,1108.82,2116,2113
1,4,65,RSA-SHA224_signed-by_RSA-SHA512,RSA-SHA224_signed-by_RSA-SHA512,4.42,9463.84,2997.15,0,0,0,125.273,24,1142.78,1125.76,2116,2113
1,4,66,RSA-SHA224_signed-by_RSA-SHA512,RSA-SHA224_signed-by_RSA-SHA512,4.521,9252.43,2930.2,0,0,0,125.273,24,1154.76,1119.38,2116,2113
1,4,67,RSA-SHA224_signed-by_RSA-SHA512,RSA-SHA224_signed-by_RSA-SHA512,4.588,9117.32,2887.41,0,0,0,125.273,24,1142.95,1260.05,2116,2113
1,4,68,RSA-SHA224_signed-by_RSA-SHA512,RSA-SHA224_signed-by_RSA-SHA512,4.417,9470.27,2999.19,0,0,0,125.273,24,1126.44,1112.69,2116,2113
1,4,69,RSA-SHA224_signed-by_RSA-SHA512,RSA-SHA224_signed-by_RSA-SHA512,4.409,9487.45,3004.63,0,0,0,125.273,24,1203.86,1156.04,2116,2113
1,4,70,RSA-SHA224_signed-by_RSA-SHA512,RSA-SHA224_signed-by_RSA-SHA512,4.384,9541.55,3021.77,0,0,0,125.273,24,1139.55,1124.99,2116,2113
1,4,71,RSA-SHA224_signed-by_RSA-SHA512,RSA-SHA224_signed-by_RSA-SHA512,4.592,9109.38,2884.9,0,0,0,125.273,24,1190.83,1168.32,2116,2113
1,4,72,RSA-SHA224_signed-by_RSA-SHA512,RSA-SHA224_signed-by_RSA-SHA512,4.491,9314.23,2949.77,0,0,0,125.273,24,1207.03,1122.54,2116,2113
1,4,73,RSA-SHA224_signed-by_RSA-SHA512,RSA-SHA224_signed-by_RSA-SHA512,4.299,9730.2,3081.51,0,0,0,125.273,24,1169.55,1115.32,2116,2113
1,4,74,RSA-SHA224_signed-by_RSA-SHA512,RSA-SHA224_signed-by_RSA-SHA512,4.351,9613.92,3044.68,0,0,0,125.273,24,1223.66,1125.33,2116,2113
1,4,75,RSA-SHA224_signed-by_RSA-SHA512,RSA-SHA224_signed-by_RSA-SHA512,4.364,9585.28,3035.61,0,0,0,125.273,24,1145.46,1125.52,2116,2113
1,4,76,RSA-SHA224_signed-by_RSA-SHA512,RSA-SHA224_signed-by_RSA-SHA512,4.348,9620.55,3046.78,0,0,0,125.273,24,1164.26,1119.56,2116,2113
1,4,77,RSA-SHA224_signed-by_RSA-SHA512,RSA-SHA224_signed-by_RSA-SHA512,4.252,9837.75,3115.57,0,0,0,125.273,24,1181.88,1137.06,2116,2113
1,4,78,RSA-SHA224_signed-by_RSA-SHA512,RSA-SHA224_signed-by_RSA-SHA512,4.425,9453.15,2993.77,0,0,0,125.273,24,1145.28,1178.09,2116,2113
1,4,79,RSA-SHA224_signed-by_RSA-SHA512,RSA-SHA224_signed-by_RSA-SHA512,4.813,8691.11,2752.44,0,0,0,125.273,24,1723.4,1587.7,2116,2113
1,4,80,RSA-SHA224_signed-by_RSA-SHA512,RSA-SHA224_signed-by_RSA-SHA512,4.35,9616.13,3045.38,0,0,0,125.273,24,1155.61,1115.37,2116,2113
1,4,81,RSA-SHA224_signed-by_RSA-SHA512,RSA-SHA224_signed-by_RSA-SHA512,4.811,8693.67,2753.25,0,0,0,125.273,24,1190.99,1117.86,2116,2113
1,4,82,RSA-SHA224_signed-by_RSA-SHA512,RSA-SHA224_signed-by_RSA-SHA512,4.378,9554.63,3025.91,0,0,0,125.273,24,1139.02,1156.97,2116,2113
1,4,83,RSA-SHA224_signed-by_RSA-SHA512,RSA-SHA224_signed-by_RSA-SHA512,4.408,9489.6,3005.31,0,0,0,125.273,24,1167.51,1119.03,2116,2113
1,4,84,RSA-SHA224_signed-by_RSA-SHA512,RSA-SHA224_signed-by_RSA-SHA512,4.388,9532.86,3019.01,0,0,0,125.273,24,1138.39,1131.83,2116,2113
1,4,85,RSA-SHA224_signed-by_RSA-SHA512,RSA-SHA224_signed-by_RSA-SHA512,4.365,9583.08,3034.92,0,0,0,125.273,24,1132.8,1139.21,2116,2113
1,4,86,RSA-SHA224_signed-by_RSA-SHA512,RSA-SHA224_signed-by_RSA-SHA512,4.401,9504.7,3010.09,0,0,0,125.273,24,1151.85,1122.56,2116,2113
1,4,87,RSA-SHA224_signed-by_RSA-SHA512,RSA-SHA224_signed-by_RSA-SHA512,4.38,9550.27,3024.52,0,0,0,125.273,24,1133.84,1139.14,2116,2113
1,4,88,RSA-SHA224_signed-by_RSA-SHA512,RSA-SHA224_signed-by_RSA-SHA512,4.547,9199.52,2913.45,0,0,0,125.273,24,1141.97,1211.62,2116,2113
1,4,89,RSA-SHA224_signed-by_RSA-SHA512,RSA-SHA224_signed-by_RSA-SHA512,4.326,9669.47,3062.28,0,0,0,125.273,24,1169.98,1121.42,2116,2113
1,4,90,RSA-SHA224_signed-by_RSA-SHA512,RSA-SHA224_signed-by_RSA-SHA512,4.406,9493.91,3006.68,0,0,0,125.273,24,1143.31,1191.43,2116,2113
1,4,91,RSA-SHA224_signed-by_RSA-SHA512,RSA-SHA224_signed-by_RSA-SHA512,4.397,9513.34,3012.83,0,0,0,125.273,24,1134.98,1114.38,2116,2113
1,4,92,RSA-SHA224_signed-by_RSA-SHA512,RSA-SHA224_signed-by_RSA-SHA512,4.362,9589.67,3037.01,0,0,0,125.273,24,1163.5,1120.9,2116,2113
1,4,93,RSA-SHA224_signed-by_RSA-SHA512,RSA-SHA224_signed-by_RSA-SHA512,4.431,9440.35,2989.71,0,0,0,125.273,24,1152.53,1109.98,2116,2113
1,4,94,RSA-SHA224_signed-by_RSA-SHA512,RSA-SHA224_signed-by_RSA-SHA512,4.297,9734.73,3082.94,0,0,0,125.273,24,1134.44,1118.73,2116,2113
1,4,95,RSA-SHA224_signed-by_RSA-SHA512,RSA-SHA224_signed-by_RSA-SHA512,4.731,8841.75,2800.14,0,0,0,125.273,24,1602.36,1594.62,2116,2113
1,4,96,RSA-SHA224_signed-by_RSA-SHA512,RSA-SHA224_signed-by_RSA-SHA512,4.341,9636.06,3051.7,0,0,0,125.273,24,1189.81,1118.05,2116,2113
1,4,97,RSA-SHA224_signed-by_RSA-SHA512,RSA-SHA224_signed-by_RSA-SHA512,4.57,9153.23,2898.78,0,0,0,125.273,24,1149.22,1130.69,2116,2113
1,4,98,RSA-SHA224_signed-by_RSA-SHA512,RSA-SHA224_signed-by_RSA-SHA512,4.354,9607.29,3042.59,0,0,0,125.273,24,1129.99,1117.41,2116,2113
1,4,99,RSA-SHA224_signed-by_RSA-SHA512,RSA-SHA224_signed-by_RSA-SHA512,4.355,9605.09,3041.89,0,0,0,125.273,24,1228.38,1138.56,2116,2113
1,3,51,RSA-SHA224_signed-by_RSA-SHA512,RSA-SHA224_signed-by_RSA-SHA512,1015.97,41.1745,42.9148,1,50,1.38889,140.889,24,1618.28,1122.07,2116,2113
1,3,52,RSA-SHA224_signed-by_RSA-SHA512,RSA-SHA224_signed-by_RSA-SHA512,4.153,10072.3,2981.8,0,0,0,82,24,1152.69,1111.53,2116,2113
1,3,53,RSA-SHA224_signed-by_RSA-SHA512,RSA-SHA224_signed-by_RSA-SHA512,4.397,9513.34,3012.83,0,0,0,135.091,24,1141.11,1110.1,2116,2113
1,3,54,RSA-SHA224_signed-by_RSA-SHA512,RSA-SHA224_signed-by_RSA-SHA512,4.433,9436.09,2988.37,0,0,0,137.273,24,1161.84,1156.64,2116,2113
1,3,55,RSA-SHA224_signed-by_RSA-SHA512,RSA-SHA224_signed-by_RSA-SHA512,4.528,9238.12,2925.67,0,0,0,135.091,24,1156.9,1121.27,2116,2113
1,3,56,RSA-SHA224_signed-by_RSA-SHA512,RSA-SHA224_signed-by_RSA-SHA512,4.506,9283.23,2939.95,0,0,0,135.091,24,1144.4,1109.38,2116,2113
1,3,57,RSA-SHA224_signed-by_RSA-SHA512,RSA-SHA224_signed-by_RSA-SHA512,4.433,9436.09,2988.37,0,0,0,135.091,24,1137.47,1120.18,2116,2113
1,3,58,RSA-SHA224_signed-by_RSA-SHA512,RSA-SHA224_signed-by_RSA-SHA512,4.452,9395.82,2975.61,0,0,0,135.091,24,1133.43,1121.85,2116,2113
1,3,59,RSA-SHA224_signed-by_RSA-SHA512,RSA-SHA224_signed-by_RSA-SHA512,4.502,9291.47,2942.57,0,0,0,135.091,24,1207.8,1134.55,2116,2113
1,3,60,RSA-SHA224_signed-by_RSA-SHA512,RSA-SHA224_signed-by_RSA-SHA512,4.425,9453.15,2993.77,0,0,0,135.091,24,1130.26,1110.45,2116,2113
1,3,61,RSA-SHA224_signed-by_RSA-SHA512,RSA-SHA224_signed-by_RSA-SHA512,4.519,9256.52,2931.5,0,0,0,135.091,24,1131.66,1203.48,2116,2113
1,3,62,RSA-SHA224_signed-by_RSA-SHA512,RSA-SHA224_signed-by_RSA-SHA512,4.451,9397.93,2976.28,0,0,0,135.091,24,1195.85,1156.06,2116,2113
1,3,63,RSA-SHA224_signed-by_RSA-SHA512,RSA-SHA224_signed-by_RSA-SHA512,5.001,8364.41,2648.97,0,0,0,139.091,24,1144.01,1600.51,2116,2113
1,3,64,RSA-SHA224_signed-by_RSA-SHA512,RSA-SHA224_signed-by_RSA-SHA512,4.969,8418.27,2666.03,0,0,0,135.091,24,1130.12,1104.57,2116,2113
1,3,65,RSA-SHA224_signed-by_RSA-SHA512,RSA-SHA224_signed-by_RSA-SHA512,4.354,9607.29,3042.59,0,0,0,135.091,24,1151.02,1120.55,2116,2113
1,3,66,RSA-SHA224_signed-by_RSA-SHA512,RSA-SHA224_signed-by_RSA-SHA512,4.75,8806.16,2788.87,0,0,0,135.091,24,1146.01,1121.47,2116,2113
1,3,67,RSA-SHA224_signed-by_RSA-SHA512,RSA-SHA224_signed-by_RSA-SHA512,4.493,9310.09,2948.46,0,0,0,135.091,24,1147.45,1111.28,2116,2113
1,3,68,RSA-SHA224_signed-by_RSA-SHA512,RSA-SHA224_signed-by_RSA-SHA512,4.417,9470.27,2999.19,0,0,0,135.091,24,1250.57,1119.29,2116,2113
1,3,69,RSA-SHA224_signed-by_RSA-SHA512,RSA-SHA224_signed-by_RSA-SHA512,4.702,8896.28,2817.41,0,0,0,135.091,24,1171.63,1162.92,2116,2113
1,3,70,RSA-SHA224_signed-by_RSA-SHA512,RSA-SHA224_signed-by_RSA-SHA512,4.391,9526.34,3016.95,0,0,0,135.091,24,1132.79,1118.9,2116,2113
1,3,71,RSA-SHA224_signed-by_RSA-SHA512,RSA-SHA224_signed-by_RSA-SHA512,4.367,9578.69,3033.53,0,0,0,135.091,24,1157.28,1101.64,2116,2113
1,3,72,RSA-SHA224_signed-by_RSA-SHA512,RSA-SHA224_signed-by_RSA-SHA512,4.505,9285.29,2940.61,0,0,0,135.091,24,1140.68,1115.58,2116,2113
1,3,73,RSA-SHA224_signed-by_RSA-SHA512,RSA-SHA224_signed-by_RSA-SHA512,4.352,9611.71,3043.98,0,0,0,135.091,24,1146.94,1120.88,2116,2113
1,3,74,RSA-SHA224_signed-by_RSA-SHA512,RSA-SHA224_signed-by_RSA-SHA512,4.416,9472.41,2999.87,0,0,0,135.091,24,1158.78,1106.92,2116,2113
1,3,75,RSA-SHA224_signed-by_RSA-SHA512,RSA-SHA224_signed-by_RSA-SHA512,4.614,9065.94,2871.14,0,0,0,135.091,24,1144.22,1112.8,2116,2113
1,3,76,RSA-SHA224_signed-by_RSA-SHA512,RSA-SHA224_signed-by_RSA-SHA512,4.468,9362.18,2964.96,0,0,0,135.091,24,1138.57,1119.98,2116,2113
1,3,77,RSA-SHA224_signed-by_RSA-SHA512,RSA-SHA224_signed-by_RSA-SHA512,4.547,9199.52,2913.45,0,0,0,135.091,24,1168.79,1121.7,2116,2113
1,3,78,RSA-SHA224_signed-by_RSA-SHA512,RSA-SHA224_signed-by_RSA-SHA512,4.452,9395.82,2975.61,0,0,0,135.091,24,1137.56,1132.49,2116,2113
1,3,79,RSA-SHA224_signed-by_RSA-SHA512,RSA-SHA224_signed-by_RSA-SHA512,5.036,8306.28,2630.56,0,0,0,135.091,24,1132.84,1600.95,2116,2113
1,3,80,RSA-SHA224_signed-by_RSA-SHA512,RSA-SHA224_signed-by_RSA-SHA512,5.163,8101.96,2565.85,0,0,0,135.091,24,1132.73,1118.25,2116,2113
1,3,81,RSA-SHA224_signed-by_RSA-SHA512,RSA-SHA224_signed-by_RSA-SHA512,4.693,8913.34,2822.81,0,0,0,135.091,24,1148.26,1260.52,2116,2113
1,3,82,RSA-SHA224_signed-by_RSA-SHA512,RSA-SHA224_signed-by_RSA-SHA512,4.501,9293.54,2943.22,0,0,0,135.091,24,1177.21,1115.54,2116,2113
1,3,83,RSA-SHA224_signed-by_RSA-SHA512,RSA-SHA224_signed-by_RSA-SHA512,4.415,9474.56,3000.55,0,0,0,135.091,24,1150.79,1142.54,2116,2113
1,3,84,RSA-SHA224_signed-by_RSA-SHA512,RSA-SHA224_signed-by_RSA-SHA512,4.38,9550.27,3024.52,0,0,0,135.091,24,1147.19,1119.23,2116,2113
1,3,85,RSA-SHA224_signed-by_RSA-SHA512,RSA-SHA224_signed-by_RSA-SHA512,4.455,9389.49,2973.61,0,0,0,135.091,24,1274.17,1153.77,2116,2113
1,3,86,RSA-SHA224_signed-by_RSA-SHA512,RSA-SHA224_signed-by_RSA-SHA512,4.526,9242.21,2926.96,0,0,0,135.091,24,1130.72,1154.99,2116,2113
1,3,87,RSA-SHA224_signed-by_RSA-SHA512,RSA-SHA224_signed-by_RSA-SHA512,4.677,8943.83,2832.47,0,0,0,135.091,24,1154.22,1166.91,2116,2113
1,3,88,RSA-SHA224_signed-by_RSA-SHA512,RSA-SHA224_signed-by_RSA-SHA512,5.363,7799.9,2422.46,0,0,0,149.6,24,1146.31,1225.09,2116,2113
1,3,89,RSA-SHA224_signed-by_RSA-SHA512,RSA-SHA224_signed-by_RSA-SHA512,4.479,9339.18,2957.68,0,0,0,135.091,24,1180.43,1152.48,2116,2113
1,3,90,RSA-SHA224_signed-by_RSA-SHA512,RSA-SHA224_signed-by_RSA-SHA512,4.473,9351.71,2961.64,0,0,0,135.091,24,1145.63,1119.88,2116,2113
1,3,91,RSA-SHA224_signed-by_RSA-SHA512,RSA-SHA224_signed-by_RSA-SHA512,4.431,9440.35,2989.71,0,0,0,135.091,24,1131.35,1119.8,2116,2113
1,3,92,RSA-SHA224_signed-by_RSA-SHA512,RSA-SHA224_signed-by_RSA-SHA512,4.43,9442.48,2990.39,0,0,0,135.091,24,1150.17,1119.92,2116,2113
1,3,93,RSA-SHA224_signed-by_RSA-SHA512,RSA-SHA224_signed-by_RSA-SHA512,4.418,9468.13,2998.51,0,0,0,135.091,24,1205.38,1105.05,2116,2113
1,3,94,RSA-SHA224_signed-by_RSA-SHA512,RSA-SHA224_signed-by_RSA-SHA512,4.64,9015.14,2855.05,0,0,0,135.091,24,1132.17,1317.36,2116,2113
1,3,95,RSA-SHA224_signed-by_RSA-SHA512,RSA-SHA224_signed-by_RSA-SHA512,4.888,8557.77,3757.63,0,0,0,133.692,24,1177.03,1604.89,2116,2113
1,3,96,RSA-SHA224_signed-by_RSA-SHA512,RSA-SHA224_signed-by_RSA-SHA512,4.472,9353.7,4187.61,0,0,0,154.923,24,1128.3,1120.2,2116,2113
1,3,97,RSA-SHA224_signed-by_RSA-SHA512,RSA-SHA224_signed-by_RSA-SHA512,4.501,9293.54,2943.22,0,0,0,135.091,24,1283.18,1106.65,2116,2113
1,3,98,RSA-SHA224_signed-by_RSA-SHA512,RSA-SHA224_signed-by_RSA-SHA512,4.488,9320.46,2951.75,0,0,0,135.091,24,1140.47,1112.67,2116,2113
1,3,99,RSA-SHA224_signed-by_RSA-SHA512,RSA-SHA224_signed-by_RSA-SHA512,4.48,9337.1,2957.02,0,0,0,135.091,24,1133.85,1186.88,2116,2113
