scenario,node_id,handshake_index,sta_cert_algo,ap_cert_algo,handshake_delay_ms,goodput_kbps,throughput_kbps,phy_frame_drop_rate,mac_retries,mac_retry_rate,tx_delay_us,prop_delay_ns,cert_verify_ap_us,cert_verify_sta_us,server_cert_msg_bytes,client_cert_msg_bytes
1,8,0,RSA-SHA256_signed-by_RSA-SHA256,RSA-SHA256_signed-by_RSA-SHA256,28.644,1460.41,599.356,0.714286,14,0.666667,197.81,14,1169.04,1240.77,2116,2113
1,3,0,RSA-SHA256_signed-by_RSA-SHA256,RSA-SHA256_signed-by_RSA-SHA256,43.747,956.214,392.434,1,14,0.666667,188.286,24,1155.87,1154.79,2116,2113
1,2,0,RSA-SHA256_signed-by_RSA-SHA256,RSA-SHA256_signed-by_RSA-SHA256,54.776,763.692,175.843,1,1,0.0625,226.75,24,1158.4,1161.72,2116,2113
1,6,0,RSA-SHA256_signed-by_RSA-SHA256,RSA-SHA256_signed-by_RSA-SHA256,64.796,645.594,140.502,1,0,0,164.667,8,1186.61,1147.31,2116,2113
1,7,0,RSA-SHA256_signed-by_RSA-SHA256,RSA-SHA256_signed-by_RSA-SHA256,68.32,612.293,133.255,1,0,0,155.867,16,1158,1148.54,2116,2113
1,5,0,RSA-SHA256_signed-by_RSA-SHA256,RSA-SHA256_signed-by_RSA-SHA256,72.6,576.196,148.098,1,8,0.421053,212.526,15,1126.79,1161.42,2116,2113
1,8,1,RSA-SHA256_signed-by_RSA-SHA256,RSA-SHA256_signed-by_RSA-SHA256,48.305,865.987,490.875,1,20,0.952381,1052.29,14,1129.19,1113.58,2116,2113
1,6,1,RSA-SHA256_signed-by_RSA-SHA256,RSA-SHA256_signed-by_RSA-SHA256,14.037,2979.99,925.512,1,0,0,138.8,8,1123.01,1092.99,2116,2113
1,3,1,RSA-SHA256_signed-by_RSA-SHA256,RSA-SHA256_signed-by_RSA-SHA256,36.784,1137.22,637.663,1,20,1,1036.8,24,1128.39,1093.76,2116,2113
1,2,1,RSA-SHA256_signed-by_RSA-SHA256,RSA-SHA256_signed-by_RSA-SHA256,27.201,1537.83,477.612,1,0,0,918.8,24,1131.15,1086.98,2116,2113
1,5,1,RSA-SHA256_signed-by_RSA-SHA256,RSA-SHA256_signed-by_RSA-SHA256,18.912,2211.88,1072.73,0.947368,11,0.578947,347.263,15,1098.16,1117.65,2116,2113
1,7,1,RSA-SHA256_signed-by_RSA-SHA256,RSA-SHA256_signed-by_RSA-SHA256,24.222,1726.98,1038.37,1,22,1.29412,240.588,16,1100.24,1097.99,2116,2113
1,6,2,RSA-SHA256_signed-by_RSA-SHA256,RSA-SHA256_signed-by_RSA-SHA256,14.259,2933.71,759.655,1,0,0,164.857,8,1127.39,1092.84,2116,2113
1,3,2,RSA-SHA256_signed-by_RSA-SHA256,RSA-SHA256_signed-by_RSA-SHA256,14.774,2831.42,879.371,1,4,0.4,138.8,24,1094.29,1110.74,2116,2113
1,1,0,RSA-SHA256_signed-by_RSA-SHA256,RSA-SHA256_signed-by_RSA-SHA256,99.946,418.545,170.332,1,13,0.5,239.231,24,1163.74,1162.64,2116,2113
1,8,2,RSA-SHA256_signed-by_RSA-SHA256,RSA-SHA256_signed-by_RSA-SHA256,23.494,1780.49,965.669,0.947368,15,0.789474,125.789,14,1113.74,1101.37,2116,2113
1,2,2,RSA-SHA256_signed-by_RSA-SHA256,RSA-SHA256_signed-by_RSA-SHA256,26.002,1608.76,682.391,1,7,0.5,183.714,24,1134.28,1108.68,2116,2113
1,5,2,RSA-SHA256_signed-by_RSA-SHA256,RSA-SHA256_signed-by_RSA-SHA256,23.494,1780.49,796.098,1,14,0.777778,206,15,1129.79,1113.69,2116,2113
1,6,3,RSA-SHA256_signed-by_RSA-SHA256,RSA-SHA256_signed-by_RSA-SHA256,22.439,1864.21,686.645,1,0,0,192.286,8,1126.59,1091.84,2116,2113
1,3,3,RSA-SHA256_signed-by_RSA-SHA256,RSA-SHA256_signed-by_RSA-SHA256,21.075,1984.87,728.052,1,3,0.214286,192.286,24,1123.7,1082.29,2116,2113
1,7,2,RSA-SHA256_signed-by_RSA-SHA256,RSA-SHA256_signed-by_RSA-SHA256,24.833,1684.49,523.16,1,4,0.4,149.6,16,1121.8,1111.13,2116,2113
1,8,3,RSA-SHA256_signed-by_RSA-SHA256,RSA-SHA256_signed-by_RSA-SHA256,17.636,2371.93,1006.11,1,11,0.785714,136.571,14,1115.29,1178.26,2116,2113
1,2,3,RSA-SHA256_signed-by_RSA-SHA256,RSA-SHA256_signed-by_RSA-SHA256,20.345,2056.08,1254.33,1,22,1.15789,295.053,24,1126.31,1110.21,2116,2113
1,6,4,RSA-SHA256_signed-by_RSA-SHA256,RSA-SHA256_signed-by_RSA-SHA256,13.528,3092.06,960.318,1,0,0,138.8,8,1100.59,1094.73,2116,2113
1,5,3,RSA-SHA256_signed-by_RSA-SHA256,RSA-SHA256_signed-by_RSA-SHA256,15.72,2661.06,1503.3,1,17,0.809524,714.952,15,1127.69,1101.77,2116,2113
1,3,4,RSA-SHA256_signed-by_RSA-SHA256,RSA-SHA256_signed-by_RSA-SHA256,16.728,2500.69,1060.73,1,7,0.5,127.143,24,1225.87,1114.92,2116,2113
1,1,1,RSA-SHA256_signed-by_RSA-SHA256,RSA-SHA256_signed-by_RSA-SHA256,37.788,1107,610.553,1,17,0.809524,668.857,24,1155.99,1149.39,2116,2113
1,8,4,RSA-SHA256_signed-by_RSA-SHA256,RSA-SHA256_signed-by_RSA-SHA256,22.453,1863.05,979.088,0.636364,13,0.590909,161.818,14,1128.06,1119.24,2116,2113
1,2,4,RSA-SHA256_signed-by_RSA-SHA256,RSA-SHA256_signed-by_RSA-SHA256,14.279,2929.61,909.865,0.3,0,0,203.6,24,1128.94,1104.46,2116,2113
1,6,5,RSA-SHA256_signed-by_RSA-SHA256,RSA-SHA256_signed-by_RSA-SHA256,15.811,2645.73,1122.25,0.571429,7,0.5,127.143,8,1130.64,1112.82,2116,2113
1,5,4,RSA-SHA256_signed-by_RSA-SHA256,RSA-SHA256_signed-by_RSA-SHA256,18.495,2261.76,702.449,1,0,0,284,15,1118.85,1106.82,2116,2113
1,3,5,RSA-SHA256_signed-by_RSA-SHA256,RSA-SHA256_signed-by_RSA-SHA256,17.465,2395.16,743.878,1,0,0,138.8,24,1127.3,1084.82,2116,2113
1,7,3,RSA-SHA256_signed-by_RSA-SHA256,RSA-SHA256_signed-by_RSA-SHA256,34.002,1230.27,468.203,1,12,0.705882,323.647,16,1138.6,1107.84,2116,2113
1,1,2,RSA-SHA256_signed-by_RSA-SHA256,RSA-SHA256_signed-by_RSA-SHA256,18.249,2292.25,739.974,1,0,0,131,24,1152.36,1104.31,2116,2113
1,8,5,RSA-SHA256_signed-by_RSA-SHA256,RSA-SHA256_signed-by_RSA-SHA256,16.201,2582.04,947.094,1,7,0.5,127.143,14,1141.65,1128.61,2116,2113
1,2,5,RSA-SHA256_signed-by_RSA-SHA256,RSA-SHA256_signed-by_RSA-SHA256,17.157,2438.14,1104.13,1,11,0.846154,248.462,24,1122.81,1109.29,2116,2113
1,6,6,RSA-SHA256_signed-by_RSA-SHA256,RSA-SHA256_signed-by_RSA-SHA256,15.9,2630.9,1191.43,1,11,0.846154,165.385,8,1131.64,1109.09,2116,2113
1,3,6,RSA-SHA256_signed-by_RSA-SHA256,RSA-SHA256_signed-by_RSA-SHA256,11.255,3716.46,1154.24,0.3,0,0,138.8,24,1124.61,1094.5,2116,2113
1,7,4,RSA-SHA256_signed-by_RSA-SHA256,RSA-SHA256_signed-by_RSA-SHA256,12.473,3353.54,1214.69,0.230769,0,0,222.308,16,1136.24,1099.59,2116,2113
1,5,5,RSA-SHA256_signed-by_RSA-SHA256,RSA-SHA256_signed-by_RSA-SHA256,16.193,2583.31,1169.87,1,11,0.846154,350.923,15,1124.41,1083.94,2116,2113
1,1,3,RSA-SHA256_signed-by_RSA-SHA256,RSA-SHA256_signed-by_RSA-SHA256,13.963,2995.91,1098.9,0.785714,7,0.5,127.143,24,1129.77,1102.4,2116,2113
1,8,6,RSA-SHA256_signed-by_RSA-SHA256,RSA-SHA256_signed-by_RSA-SHA256,14.995,2789.69,866.408,1,0,0,142.4,14,1122.19,1097.5,2116,2113
1,2,6,RSA-SHA256_signed-by_RSA-SHA256,RSA-SHA256_signed-by_RSA-SHA256,15.93,2625.96,831.628,1,0,0,204.909,24,1130.4,1113.63,2116,2113
1,6,7,RSA-SHA256_signed-by_RSA-SHA256,RSA-SHA256_signed-by_RSA-SHA256,15.482,2701.94,839.158,1,0,0,138.8,8,1105.86,1094.08,2116,2113
1,3,7,RSA-SHA256_signed-by_RSA-SHA256,RSA-SHA256_signed-by_RSA-SHA256,15.79,2649.23,1272.69,1,18,1,114,24,1133.27,1199.97,2116,2113
1,7,5,RSA-SHA256_signed-by_RSA-SHA256,RSA-SHA256_signed-by_RSA-SHA256,17.404,2403.54,1376.21,1,18,1,154,16,1125.84,1093.11,2116,2113
1,5,6,RSA-SHA256_signed-by_RSA-SHA256,RSA-SHA256_signed-by_RSA-SHA256,16.622,2516.61,796.999,1,0,0,261.636,15,1131.04,1092.69,2116,2113
1,1,4,RSA-SHA256_signed-by_RSA-SHA256,RSA-SHA256_signed-by_RSA-SHA256,18.443,2268.12,962.075,1,7,0.5,136.571,24,1127.21,1102.63,2116,2113
1,8,7,RSA-SHA256_signed-by_RSA-SHA256,RSA-SHA256_signed-by_RSA-SHA256,17.605,2376.09,737.957,1,0,0,146,14,1123.1,1104.3,2116,2113
1,2,7,RSA-SHA256_signed-by_RSA-SHA256,RSA-SHA256_signed-by_RSA-SHA256,14.928,2802.22,870.303,0.9,0,0,203.6,24,1098.87,1099.6,2116,2113
1,6,8,RSA-SHA256_signed-by_RSA-SHA256,RSA-SHA256_signed-by_RSA-SHA256,15.901,2630.74,704.349,1,0,0,136.222,8,1121.26,1089.92,2116,2113
1,3,8,RSA-SHA256_signed-by_RSA-SHA256,RSA-SHA256_signed-by_RSA-SHA256,15.218,2748.83,1008.27,0.428571,3,0.214286,276.571,24,1124.12,1111.65,2116,2113
1,7,6,RSA-SHA256_signed-by_RSA-SHA256,RSA-SHA256_signed-by_RSA-SHA256,15.861,2637.38,835.247,1,0,0,138.364,16,1124,1094.27,2116,2113
1,5,7,RSA-SHA256_signed-by_RSA-SHA256,RSA-SHA256_signed-by_RSA-SHA256,16.821,2486.84,1152.82,1,12,0.8,381.733,15,1144.35,1093.66,2116,2113
1,1,5,RSA-SHA256_signed-by_RSA-SHA256,RSA-SHA256_signed-by_RSA-SHA256,14.672,2851.09,885.478,1,0,0,149.6,24,1126.94,1104.74,2116,2113
1,8,8,RSA-SHA256_signed-by_RSA-SHA256,RSA-SHA256_signed-by_RSA-SHA256,14.929,2802.01,870.236,1,0,0,138.8,14,1125.29,1092.38,2116,2113
1,6,9,RSA-SHA256_signed-by_RSA-SHA256,RSA-SHA256_signed-by_RSA-SHA256,12.654,3305.8,1197.4,1,0,0,204.154,8,1123.7,1095.58,2116,2113
1,3,9,RSA-SHA256_signed-by_RSA-SHA256,RSA-SHA256_signed-by_RSA-SHA256,13.479,3103.44,1424.41,1,11,0.785714,158.857,24,1130.64,1087.82,2116,2113
1,2,8,RSA-SHA256_signed-by_RSA-SHA256,RSA-SHA256_signed-by_RSA-SHA256,18.001,2323.8,999.915,1,7,0.466667,174,24,1124.01,1110.52,2116,2113
1,1,6,RSA-SHA256_signed-by_RSA-SHA256,RSA-SHA256_signed-by_RSA-SHA256,11.179,3742.01,1185.08,0.909091,0,0,183.091,24,1096.83,1104.43,2116,2113
1,7,7,RSA-SHA256_signed-by_RSA-SHA256,RSA-SHA256_signed-by_RSA-SHA256,18.391,2274.49,1298.84,0.833333,19,1.05556,143.333,16,1118.66,1096.63,2116,2113
1,8,9,RSA-SHA256_signed-by_RSA-SHA256,RSA-SHA256_signed-by_RSA-SHA256,12.014,3481.9,1081.39,1,0,0,138.8,14,1097.17,1106.46,2116,2113
1,6,10,RSA-SHA256_signed-by_RSA-SHA256,RSA-SHA256_signed-by_RSA-SHA256,13,3217.79,999.366,1,0,0,138.8,8,1130.57,1109.4,2116,2113
1,5,8,RSA-SHA256_signed-by_RSA-SHA256,RSA-SHA256_signed-by_RSA-SHA256,19.627,2131.26,1146.13,0.833333,14,0.777778,267.778,15,1133.95,1105.23,2116,2113
1,3,10,RSA-SHA256_signed-by_RSA-SHA256,RSA-SHA256_signed-by_RSA-SHA256,16.554,2526.95,800.272,1,0,0,132.909,24,1132.47,1099.51,2116,2113
1,2,9,RSA-SHA256_signed-by_RSA-SHA256,RSA-SHA256_signed-by_RSA-SHA256,15.356,2724.1,846.038,1,0,0,203.6,24,1135.01,1091.99,2116,2113
1,8,10,RSA-SHA256_signed-by_RSA-SHA256,RSA-SHA256_signed-by_RSA-SHA256,14.207,2944.46,914.479,1,0,0,138.8,14,1136.95,1107.51,2116,2113
1,7,8,RSA-SHA256_signed-by_RSA-SHA256,RSA-SHA256_signed-by_RSA-SHA256,16.108,2596.95,1113.48,1,11,0.733333,121.2,16,1133.79,1098.69,2116,2113
1,5,9,RSA-SHA256_signed-by_RSA-SHA256,RSA-SHA256_signed-by_RSA-SHA256,13.93,3002.81,964.76,1,5,0.416667,243,15,1127.22,1105.38,2116,2113
1,6,11,RSA-SHA256_signed-by_RSA-SHA256,RSA-SHA256_signed-by_RSA-SHA256,16.645,2513.16,1138.11,1,11,0.846154,165.385,8,1096.18,1112.78,2116,2113
1,2,10,RSA-SHA256_signed-by_RSA-SHA256,RSA-SHA256_signed-by_RSA-SHA256,14.125,2961.54,937.907,1,0,0,188.545,24,1123.52,1099.66,2116,2113
1,3,11,RSA-SHA256_signed-by_RSA-SHA256,RSA-SHA256_signed-by_RSA-SHA256,16.046,2606.97,1196.54,1,11,0.785714,185.143,24,1133.94,1094.25,2116,2113
1,7,9,RSA-SHA256_signed-by_RSA-SHA256,RSA-SHA256_signed-by_RSA-SHA256,12.159,3440.41,1261.95,0.0714286,4,0.285714,192.286,16,1123.53,1103.28,2116,2113
1,1,7,RSA-SHA256_signed-by_RSA-SHA256,RSA-SHA256_signed-by_RSA-SHA256,30.216,1384.42,757.207,1,16,0.8,123.8,24,1123.22,1100.23,2116,2113
1,5,10,RSA-SHA256_signed-by_RSA-SHA256,RSA-SHA256_signed-by_RSA-SHA256,13.746,3043.16,1116.23,0.285714,3,0.214286,417.429,15,1094.11,1121.29,2116,2113
1,6,12,RSA-SHA256_signed-by_RSA-SHA256,RSA-SHA256_signed-by_RSA-SHA256,13.933,3002.32,950.821,0.272727,0,0,129.636,8,1126.96,1101.63,2116,2113
1,8,11,RSA-SHA256_signed-by_RSA-SHA256,RSA-SHA256_signed-by_RSA-SHA256,19.597,2134.55,976.447,1,12,0.857143,156.286,14,1099.28,1095.8,2116,2113
1,2,11,RSA-SHA256_signed-by_RSA-SHA256,RSA-SHA256_signed-by_RSA-SHA256,13.435,3113.62,967.014,0.6,0,0,203.6,24,1126.64,1196.85,2116,2113
1,7,10,RSA-SHA256_signed-by_RSA-SHA256,RSA-SHA256_signed-by_RSA-SHA256,10.486,3988.98,1238.88,0.7,0,0,138.8,16,1132.07,1106.58,2116,2113
1,3,12,RSA-SHA256_signed-by_RSA-SHA256,RSA-SHA256_signed-by_RSA-SHA256,18.44,2268.48,976.109,0.466667,7,0.466667,140.667,24,1115.93,1101.51,2116,2113
1,5,11,RSA-SHA256_signed-by_RSA-SHA256,RSA-SHA256_signed-by_RSA-SHA256,12.513,3342.82,1038.2,1,0,0,284,15,1096.82,1084.81,2116,2113
1,6,13,RSA-SHA256_signed-by_RSA-SHA256,RSA-SHA256_signed-by_RSA-SHA256,12.111,3454.05,1266.95,0.928571,7,0.5,118.571,8,1124.22,1095.76,2116,2113
1,8,12,RSA-SHA256_signed-by_RSA-SHA256,RSA-SHA256_signed-by_RSA-SHA256,13.82,3026.87,953.965,1,5,0.454545,129.636,15,1131.93,1126.81,2116,2113
1,1,8,RSA-SHA256_signed-by_RSA-SHA256,RSA-SHA256_signed-by_RSA-SHA256,20.574,2033.17,871.746,1,8,0.533333,130,24,1109.31,1092.74,2116,2113
1,7,11,RSA-SHA256_signed-by_RSA-SHA256,RSA-SHA256_signed-by_RSA-SHA256,13.073,3199.83,1013.37,1,0,0,129.636,16,1096.98,1113.7,2116,2113
1,2,12,RSA-SHA256_signed-by_RSA-SHA256,RSA-SHA256_signed-by_RSA-SHA256,18.313,2284.2,1110.43,1,14,0.933333,198.8,24,1132.34,1110.85,2116,2113
1,3,13,RSA-SHA256_signed-by_RSA-SHA256,RSA-SHA256_signed-by_RSA-SHA256,14.282,2928.93,1092.26,1,7,0.466667,131.867,24,1129.17,1096.98,2116,2113
1,5,12,RSA-SHA256_signed-by_RSA-SHA256,RSA-SHA256_signed-by_RSA-SHA256,15.305,2733.17,872.899,1,0,0,242.667,15,1105.07,1119.4,2116,2113
1,6,14,RSA-SHA256_signed-by_RSA-SHA256,RSA-SHA256_signed-by_RSA-SHA256,15.575,2685.79,850.578,1,0,0,129.636,8,1125.53,1096.99,2116,2113
1,1,9,RSA-SHA256_signed-by_RSA-SHA256,RSA-SHA256_signed-by_RSA-SHA256,14.931,2801.64,1281.61,1,18,1.28571,169.143,24,1126.32,1097.33,2116,2113
1,8,13,RSA-SHA256_signed-by_RSA-SHA256,RSA-SHA256_signed-by_RSA-SHA256,16.591,2521.31,936.389,0.933333,10,0.666667,182,15,1119.44,1101.76,2116,2113
1,2,13,RSA-SHA256_signed-by_RSA-SHA256,RSA-SHA256_signed-by_RSA-SHA256,12.839,3258.19,1200.09,0.428571,0,0,239.143,24,1111.58,1109.24,2116,2113
1,7,12,RSA-SHA256_signed-by_RSA-SHA256,RSA-SHA256_signed-by_RSA-SHA256,16.504,2534.61,787.189,0.9,0,0,138.8,16,1121.77,1107.63,2116,2113
1,3,14,RSA-SHA256_signed-by_RSA-SHA256,RSA-SHA256_signed-by_RSA-SHA256,14.831,2820.54,875.992,0.6,0,0,163.2,24,1102.38,1104.15,2116,2113
1,5,13,RSA-SHA256_signed-by_RSA-SHA256,RSA-SHA256_signed-by_RSA-SHA256,13.687,3056.31,949.215,0.6,0,0,268.4,15,1122.87,1085.49,2116,2113
1,6,15,RSA-SHA256_signed-by_RSA-SHA256,RSA-SHA256_signed-by_RSA-SHA256,14.907,2806.17,871.527,0.6,0,0,138.8,8,1598.6,1602.42,2116,2113
1,8,14,RSA-SHA256_signed-by_RSA-SHA256,RSA-SHA256_signed-by_RSA-SHA256,12.168,3437.6,1245.14,0,0,0,204.154,15,1135.29,1102.38,2116,2113
1,1,10,RSA-SHA256_signed-by_RSA-SHA256,RSA-SHA256_signed-by_RSA-SHA256,13.978,2992.68,1083.98,0,0,0,222.308,24,1121.6,1088.15,2116,2113
1,2,14,RSA-SHA256_signed-by_RSA-SHA256,RSA-SHA256_signed-by_RSA-SHA256,12.388,3376.57,1048.68,0.3,0,0,200,24,1129.03,1085.24,2116,2113
1,7,13,RSA-SHA256_signed-by_RSA-SHA256,RSA-SHA256_signed-by_RSA-SHA256,12.304,3399.61,1055.84,0.3,0,0,138.8,16,1129.78,1114.59,2116,2113
1,3,15,RSA-SHA256_signed-by_RSA-SHA256,RSA-SHA256_signed-by_RSA-SHA256,13.286,3148.34,997.066,0.545455,0,0,151.818,24,1616.42,1585.83,2116,2113
1,6,16,RSA-SHA256_signed-by_RSA-SHA256,RSA-SHA256_signed-by_RSA-SHA256,14.488,2887.28,946.415,1,1,0.0909091,131.091,8,1120.44,1111.7,2116,2113
1,8,15,RSA-SHA256_signed-by_RSA-SHA256,RSA-SHA256_signed-by_RSA-SHA256,14.746,2836.76,888.625,1,4,0.363636,129.273,15,1602.26,1567.29,2116,2113
1,5,14,RSA-SHA256_signed-by_RSA-SHA256,RSA-SHA256_signed-by_RSA-SHA256,20.409,2049.6,1335.04,1,21,0.954545,252,15,1113.38,1110.43,2116,2113
1,2,15,RSA-SHA256_signed-by_RSA-SHA256,RSA-SHA256_signed-by_RSA-SHA256,14.113,2964,938.686,1,4,0.363636,151.818,24,1744.22,1553.6,2116,2113
1,1,11,RSA-SHA256_signed-by_RSA-SHA256,RSA-SHA256_signed-by_RSA-SHA256,16.15,2590.14,996.626,1,7,0.538462,134,24,1127.84,1147.25,2116,2113
1,3,16,RSA-SHA256_signed-by_RSA-SHA256,RSA-SHA256_signed-by_RSA-SHA256,11.042,3788.39,1176.58,1,0,0,163.2,24,1102.15,1108.76,2116,2113
1,6,17,RSA-SHA256_signed-by_RSA-SHA256,RSA-SHA256_signed-by_RSA-SHA256,9.462,4420.7,1384.8,1,0,0,129.273,8,1133.6,1113.14,2116,2113
1,5,15,RSA-SHA256_signed-by_RSA-SHA256,RSA-SHA256_signed-by_RSA-SHA256,8.104,5161.55,1603.05,1,4,0.4,284,15,1604.33,1587.37,2116,2113
1,1,12,RSA-SHA256_signed-by_RSA-SHA256,RSA-SHA256_signed-by_RSA-SHA256,8.603,4862.05,1813.16,0.866667,4,0.266667,194.533,24,1098.79,1102.85,2116,2113
1,7,14,RSA-SHA256_signed-by_RSA-SHA256,RSA-SHA256_signed-by_RSA-SHA256,25.544,1637.63,1117.43,1,25,0.961538,106.923,16,1122.67,1103.22,2116,2113
1,2,16,RSA-SHA256_signed-by_RSA-SHA256,RSA-SHA256_signed-by_RSA-SHA256,13.367,3129.47,1162.25,1,4,0.266667,216.933,24,1125.02,1102.8,2116,2113
1,6,18,RSA-SHA256_signed-by_RSA-SHA256,RSA-SHA256_signed-by_RSA-SHA256,10.043,4164.91,1304.67,0.545455,4,0.363636,129.273,8,1123.92,1138.27,2116,2113
1,5,16,RSA-SHA256_signed-by_RSA-SHA256,RSA-SHA256_signed-by_RSA-SHA256,13.759,3040.27,1147.73,0.5625,4,0.25,370,15,1131.09,1094.85,2116,2113
1,3,17,RSA-SHA256_signed-by_RSA-SHA256,RSA-SHA256_signed-by_RSA-SHA256,24.427,1712.47,988.379,1,19,1,154.632,24,1109.89,1104.56,2116,2113
1,7,15,RSA-SHA256_signed-by_RSA-SHA256,RSA-SHA256_signed-by_RSA-SHA256,14.835,2819.81,1034.31,0.642857,7,0.5,118.571,16,1600.11,1570.02,2116,2113
1,2,17,RSA-SHA256_signed-by_RSA-SHA256,RSA-SHA256_signed-by_RSA-SHA256,15.742,2657.33,825.302,0.9,0,0,163.2,24,1100.24,1099.4,2116,2113
1,1,13,RSA-SHA256_signed-by_RSA-SHA256,RSA-SHA256_signed-by_RSA-SHA256,20.93,1998.62,717.041,1,10,0.666667,175.867,24,1120.51,1098.77,2116,2113
1,8,16,RSA-SHA256_signed-by_RSA-SHA256,RSA-SHA256_signed-by_RSA-SHA256,32.975,1268.58,482.782,1,12,0.705882,176.824,15,1163.5,1094.09,2116,2113
1,6,19,RSA-SHA256_signed-by_RSA-SHA256,RSA-SHA256_signed-by_RSA-SHA256,16.599,2520.13,924.387,1,3,0.214286,192.286,8,1123.21,1097.03,2116,2113
1,5,17,RSA-SHA256_signed-by_RSA-SHA256,RSA-SHA256_signed-by_RSA-SHA256,14.289,2927.37,927.083,1,4,0.363636,139.455,15,1126.45,1116.3,2116,2113
1,3,18,RSA-SHA256_signed-by_RSA-SHA256,RSA-SHA256_signed-by_RSA-SHA256,14.477,2889.52,897.414,1,0,0,138.8,24,1153.56,1111.93,2116,2113
1,7,16,RSA-SHA256_signed-by_RSA-SHA256,RSA-SHA256_signed-by_RSA-SHA256,14.924,2802.96,900.549,1,5,0.416667,122,16,1106.99,1093.13,2116,2113
1,2,18,RSA-SHA256_signed-by_RSA-SHA256,RSA-SHA256_signed-by_RSA-SHA256,13.771,3037.66,1375.63,1,11,0.846154,196.462,24,1118.27,1106.79,2116,2113
1,8,17,RSA-SHA256_signed-by_RSA-SHA256,RSA-SHA256_signed-by_RSA-SHA256,13.819,3027.11,1104.56,0.928571,4,0.285714,192,15,1146.64,1108.29,2116,2113
1,1,14,RSA-SHA256_signed-by_RSA-SHA256,RSA-SHA256_signed-by_RSA-SHA256,15.687,2666.62,1115.81,0.764706,7,0.411765,418.941,24,1120.51,1103.26,2116,2113
1,6,20,RSA-SHA256_signed-by_RSA-SHA256,RSA-SHA256_signed-by_RSA-SHA256,14.3,2925.28,908.522,1,0,0,138.8,8,1107.32,1090.88,2116,2113
1,5,18,RSA-SHA256_signed-by_RSA-SHA256,RSA-SHA256_signed-by_RSA-SHA256,13.537,3090.18,988.102,1,4,0.333333,226.667,15,1138.16,1109.25,2116,2113
1,3,19,RSA-SHA256_signed-by_RSA-SHA256,RSA-SHA256_signed-by_RSA-SHA256,9.778,4277.81,1328.58,1,0,0,138.8,24,1118.26,1094.73,2116,2113
1,6,21,RSA-SHA256_signed-by_RSA-SHA256,RSA-SHA256_signed-by_RSA-SHA256,10.686,3914.31,1802.57,1,2,0.142857,123.714,8,1122.97,1099.93,2116,2113
1,3,20,RSA-SHA256_signed-by_RSA-SHA256,RSA-SHA256_signed-by_RSA-SHA256,9.126,4583.42,1530.44,1,5,0.416667,129.333,24,1128.52,1097.61,2116,2113
1,7,17,RSA-SHA256_signed-by_RSA-SHA256,RSA-SHA256_signed-by_RSA-SHA256,19.886,2103.51,1033.05,1,11,0.55,158,16,1129.28,1098.05,2116,2113
1,5,19,RSA-SHA256_signed-by_RSA-SHA256,RSA-SHA256_signed-by_RSA-SHA256,14.287,2927.92,2209.52,1,35,1.34615,378.615,15,1121.97,1095.05,2116,2113
1,8,18,RSA-SHA256_signed-by_RSA-SHA256,RSA-SHA256_signed-by_RSA-SHA256,20.926,1998.96,1198.84,1,26,1.13043,220.261,15,1098.06,1102.49,2116,2113
1,1,15,RSA-SHA256_signed-by_RSA-SHA256,RSA-SHA256_signed-by_RSA-SHA256,21.778,1920.75,832.363,1,9,0.5625,131.75,24,1592.77,1561.89,2116,2113
1,2,19,RSA-SHA256_signed-by_RSA-SHA256,RSA-SHA256_signed-by_RSA-SHA256,25.256,1656.3,1008.54,1,25,1.31579,203.263,24,1144.75,1138.11,2116,2113
1,6,22,RSA-SHA256_signed-by_RSA-SHA256,RSA-SHA256_signed-by_RSA-SHA256,11.66,3587.62,1624.69,1,11,0.846154,165.385,8,1131.08,1082.64,2116,2113
1,5,20,RSA-SHA256_signed-by_RSA-SHA256,RSA-SHA256_signed-by_RSA-SHA256,11.026,3793.91,1178.3,0.5,0,0,149.6,15,1211.98,1101.01,2116,2113
1,7,18,RSA-SHA256_signed-by_RSA-SHA256,RSA-SHA256_signed-by_RSA-SHA256,13.269,3152.54,1337.22,0.357143,7,0.5,127.143,16,1133.6,1092.38,2116,2113
1,3,21,RSA-SHA256_signed-by_RSA-SHA256,RSA-SHA256_signed-by_RSA-SHA256,16.774,2493.78,914.719,0.357143,3,0.214286,194.857,24,1125.84,1107.26,2116,2113
1,8,19,RSA-SHA256_signed-by_RSA-SHA256,RSA-SHA256_signed-by_RSA-SHA256,11.521,3630.91,1127.67,0.5,0,0,138.8,15,1132.23,1084.95,2116,2113
1,1,16,RSA-SHA256_signed-by_RSA-SHA256,RSA-SHA256_signed-by_RSA-SHA256,11.077,3776.47,1172.88,0.5,0,0,149.6,24,1125.62,1102.61,2116,2113
1,6,23,RSA-SHA256_signed-by_RSA-SHA256,RSA-SHA256_signed-by_RSA-SHA256,14.149,2956.47,918.207,0.3,0,0,138.8,8,1129.33,1134.45,2116,2113
1,5,21,RSA-SHA256_signed-by_RSA-SHA256,RSA-SHA256_signed-by_RSA-SHA256,11.18,3741.68,1162.07,0.3,0,0,149.6,15,1123.95,1104.18,2116,2113
1,2,20,RSA-SHA256_signed-by_RSA-SHA256,RSA-SHA256_signed-by_RSA-SHA256,18.832,2221.24,1258.23,0.470588,18,1.05882,180.353,24,1125.81,1177.33,2116,2113
1,7,19,RSA-SHA256_signed-by_RSA-SHA256,RSA-SHA256_signed-by_RSA-SHA256,12.134,3447.49,1091.8,0.272727,0,0,129.636,16,1129.01,1115.89,2116,2113
1,3,22,RSA-SHA256_signed-by_RSA-SHA256,RSA-SHA256_signed-by_RSA-SHA256,12.09,3460.02,1074.6,1,0,0,149.6,24,1125.24,1082.45,2116,2113
1,8,20,RSA-SHA256_signed-by_RSA-SHA256,RSA-SHA256_signed-by_RSA-SHA256,12.256,3413.15,1251.95,1,7,0.5,123.714,15,1115.5,1106.37,2116,2113
1,1,17,RSA-SHA256_signed-by_RSA-SHA256,RSA-SHA256_signed-by_RSA-SHA256,15.404,2715.58,843.393,1,0,0,149.6,24,1132.07,1110.36,2116,2113
1,6,24,RSA-SHA256_signed-by_RSA-SHA256,RSA-SHA256_signed-by_RSA-SHA256,15.716,2661.66,842.936,1,0,0,129.636,8,1134.29,1100.44,2116,2113
1,5,22,RSA-SHA256_signed-by_RSA-SHA256,RSA-SHA256_signed-by_RSA-SHA256,14.651,2855.16,1047.28,1,7,0.5,135.714,15,1124.47,1099.45,2116,2113
1,7,20,RSA-SHA256_signed-by_RSA-SHA256,RSA-SHA256_signed-by_RSA-SHA256,14.54,2876.97,1338.07,1,11,0.733333,148.4,16,1126.24,1104.44,2116,2113
1,8,21,RSA-SHA256_signed-by_RSA-SHA256,RSA-SHA256_signed-by_RSA-SHA256,12.959,3227.99,1002.53,1,0,0,138.8,15,1117.77,1107.18,2116,2113
1,2,21,RSA-SHA256_signed-by_RSA-SHA256,RSA-SHA256_signed-by_RSA-SHA256,17.316,2415.73,1108.77,1,11,0.785714,185.143,24,1123.77,1114.14,2116,2113
1,3,23,RSA-SHA256_signed-by_RSA-SHA256,RSA-SHA256_signed-by_RSA-SHA256,20.377,2052.82,1008.15,1,15,0.75,113.6,24,1149.25,1102.21,2116,2113
1,1,18,RSA-SHA256_signed-by_RSA-SHA256,RSA-SHA256_signed-by_RSA-SHA256,16.87,2479.58,1122.9,1,11,0.846154,179.231,24,1112.18,1110.83,2116,2113
1,6,25,RSA-SHA256_signed-by_RSA-SHA256,RSA-SHA256_signed-by_RSA-SHA256,14.509,2883.1,908.654,1,7,0.636364,129.636,8,1136.92,1106.93,2116,2113
1,7,21,RSA-SHA256_signed-by_RSA-SHA256,RSA-SHA256_signed-by_RSA-SHA256,12.22,3423.18,1105.05,1,4,0.333333,122,16,1126.51,1106.75,2116,2113
1,8,22,RSA-SHA256_signed-by_RSA-SHA256,RSA-SHA256_signed-by_RSA-SHA256,12.629,3312.32,1028.72,1,0,0,138.8,15,1106.27,1097.73,2116,2113
1,5,23,RSA-SHA256_signed-by_RSA-SHA256,RSA-SHA256_signed-by_RSA-SHA256,20.216,2069.16,949.702,1,11,0.785714,169.143,15,1122.1,1106.62,2116,2113
1,3,24,RSA-SHA256_signed-by_RSA-SHA256,RSA-SHA256_signed-by_RSA-SHA256,12.238,3418.16,1070.75,1,0,0,139.091,24,1139.6,1116.75,2116,2113
1,6,26,RSA-SHA256_signed-by_RSA-SHA256,RSA-SHA256_signed-by_RSA-SHA256,14.436,2897.71,1378.75,1,7,0.411765,179.882,9,1094.89,1101.09,2116,2113
1,7,22,RSA-SHA256_signed-by_RSA-SHA256,RSA-SHA256_signed-by_RSA-SHA256,14.242,2937.19,1664.91,0.952381,20,0.952381,236.095,16,1116.09,1092.88,2116,2113
1,8,23,RSA-SHA256_signed-by_RSA-SHA256,RSA-SHA256_signed-by_RSA-SHA256,14.189,2948.15,968.622,1,1,0.0909091,131.091,15,1129.19,1092.48,2116,2113
1,5,24,RSA-SHA256_signed-by_RSA-SHA256,RSA-SHA256_signed-by_RSA-SHA256,10.173,4111.73,1295.88,0.545455,7,0.636364,139.455,15,1120.95,1094.66,2116,2113
1,1,19,RSA-SHA256_signed-by_RSA-SHA256,RSA-SHA256_signed-by_RSA-SHA256,20.874,2003.94,1192.63,1,22,1.375,220.25,24,1123.04,1106.44,2116,2113
1,3,25,RSA-SHA256_signed-by_RSA-SHA256,RSA-SHA256_signed-by_RSA-SHA256,12.697,3294.62,1023.23,0.3,0,0,149.6,24,1125.51,1086.79,2116,2113
1,2,22,RSA-SHA256_signed-by_RSA-SHA256,RSA-SHA256_signed-by_RSA-SHA256,32.599,1283.19,738.652,1,20,1.05263,166.632,24,1100.02,1107.69,2116,2113
1,6,27,RSA-SHA256_signed-by_RSA-SHA256,RSA-SHA256_signed-by_RSA-SHA256,10.931,3826.6,1188.45,0.6,4,0.4,149.6,9,1123.06,1099.77,2116,2113
1,7,23,RSA-SHA256_signed-by_RSA-SHA256,RSA-SHA256_signed-by_RSA-SHA256,10.913,3832.91,1190.41,0.3,0,0,138.8,16,1156.62,1130.06,2116,2113
1,8,24,RSA-SHA256_signed-by_RSA-SHA256,RSA-SHA256_signed-by_RSA-SHA256,10.719,3902.28,1211.95,0.6,4,0.4,138.8,15,1122.2,1085.41,2116,2113
1,5,25,RSA-SHA256_signed-by_RSA-SHA256,RSA-SHA256_signed-by_RSA-SHA256,11.83,3536.09,1280.81,0.461538,0,0,222.308,15,1127.36,1105.19,2116,2113
1,1,20,RSA-SHA256_signed-by_RSA-SHA256,RSA-SHA256_signed-by_RSA-SHA256,11.269,3711.83,961.142,1,0,0,178.571,24,1127.2,1194.83,2116,2113
1,3,26,RSA-SHA256_signed-by_RSA-SHA256,RSA-SHA256_signed-by_RSA-SHA256,10.943,3822.4,1187.14,1,0,0,149.6,24,1137.55,1085.46,2116,2113
1,8,25,RSA-SHA256_signed-by_RSA-SHA256,RSA-SHA256_signed-by_RSA-SHA256,10.152,4120.56,1511.43,1,3,0.214286,192.286,15,1209.98,1098.23,2116,2113
1,3,27,RSA-SHA256_signed-by_RSA-SHA256,RSA-SHA256_signed-by_RSA-SHA256,8.217,5090.36,1580.94,0.8,0,0,149.6,24,1132.84,1111.52,2116,2113
1,7,24,RSA-SHA256_signed-by_RSA-SHA256,RSA-SHA256_signed-by_RSA-SHA256,14.909,2805.74,1207.29,1,7,0.466667,121.2,16,1129.78,1094.13,2116,2113
1,6,28,RSA-SHA256_signed-by_RSA-SHA256,RSA-SHA256_signed-by_RSA-SHA256,18.084,2313.12,1759.72,1,26,0.962963,220.074,9,1127.98,1108.33,2116,2113
1,2,23,RSA-SHA256_signed-by_RSA-SHA256,RSA-SHA256_signed-by_RSA-SHA256,20.81,2010.1,871.082,1,9,0.5625,140.25,24,1317.24,1106.89,2116,2113
1,5,26,RSA-SHA256_signed-by_RSA-SHA256,RSA-SHA256_signed-by_RSA-SHA256,18.128,2307.51,1044.98,1,11,0.846154,179.231,15,1129.63,1139.6,2116,2113
1,1,21,RSA-SHA256_signed-by_RSA-SHA256,RSA-SHA256_signed-by_RSA-SHA256,18.301,2285.7,1153.12,1,11,0.6875,162.5,24,1127.22,1097.14,2116,2113
1,3,28,RSA-SHA256_signed-by_RSA-SHA256,RSA-SHA256_signed-by_RSA-SHA256,12.709,3291.52,1022.27,0.5,0,0,149.6,24,1117,1096.42,2116,2113
1,7,25,RSA-SHA256_signed-by_RSA-SHA256,RSA-SHA256_signed-by_RSA-SHA256,11.73,3565.95,1107.5,0,0,0,138.8,16,1125.94,1099.18,2116,2113
1,8,26,RSA-SHA256_signed-by_RSA-SHA256,RSA-SHA256_signed-by_RSA-SHA256,17.276,2421.33,1441.04,0.625,22,1.375,186.5,15,1122.12,1103.61,2116,2113
1,6,29,RSA-SHA256_signed-by_RSA-SHA256,RSA-SHA256_signed-by_RSA-SHA256,13.017,3213.63,998.076,0,0,0,149.6,9,1117.14,1106.65,2116,2113
1,2,24,RSA-SHA256_signed-by_RSA-SHA256,RSA-SHA256_signed-by_RSA-SHA256,12.995,3219.07,999.766,0.3,0,0,163.2,24,1123.44,1106.05,2116,2113
1,5,27,RSA-SHA256_signed-by_RSA-SHA256,RSA-SHA256_signed-by_RSA-SHA256,11.219,3728.36,1157.94,0.8,0,0,149.6,15,1099.42,1083.11,2116,2113
1,1,22,RSA-SHA256_signed-by_RSA-SHA256,RSA-SHA256_signed-by_RSA-SHA256,12.452,3359.44,1058.78,1,5,0.454545,139.455,24,1120.52,1118.75,2116,2113
1,5,28,RSA-SHA256_signed-by_RSA-SHA256,RSA-SHA256_signed-by_RSA-SHA256,7.336,5701.59,1770.78,1,0,0,149.6,15,1118.22,1109.8,2116,2113
1,8,27,RSA-SHA256_signed-by_RSA-SHA256,RSA-SHA256_signed-by_RSA-SHA256,12.978,3223.22,1367.2,1,7,0.5,127.143,15,1133.88,1105.07,2116,2113
1,3,29,RSA-SHA256_signed-by_RSA-SHA256,RSA-SHA256_signed-by_RSA-SHA256,16.172,2586.6,1113,1,7,0.466667,126.8,24,1128.91,1091.7,2116,2113
1,7,26,RSA-SHA256_signed-by_RSA-SHA256,RSA-SHA256_signed-by_RSA-SHA256,16.807,2488.87,1067.13,1,8,0.533333,121.2,16,1126.57,1086.6,2116,2113
1,6,30,RSA-SHA256_signed-by_RSA-SHA256,RSA-SHA256_signed-by_RSA-SHA256,14.63,2859.24,1606.51,1,9,0.5625,137.75,9,1169.48,1105.96,2116,2113
1,1,23,RSA-SHA256_signed-by_RSA-SHA256,RSA-SHA256_signed-by_RSA-SHA256,14.794,2827.51,1067.41,1,10,0.625,187.75,24,1122.87,1096.88,2116,2113
1,5,29,RSA-SHA256_signed-by_RSA-SHA256,RSA-SHA256_signed-by_RSA-SHA256,11.137,3756.1,1231.2,1,5,0.454545,141.273,15,1103.44,1107.11,2116,2113
1,8,28,RSA-SHA256_signed-by_RSA-SHA256,RSA-SHA256_signed-by_RSA-SHA256,11.89,3518.2,1492.32,1,7,0.5,127.143,15,1131.82,1110.99,2116,2113
1,7,27,RSA-SHA256_signed-by_RSA-SHA256,RSA-SHA256_signed-by_RSA-SHA256,10.297,4062.53,1723.22,1,7,0.5,127.143,16,1108.68,1102.3,2116,2113
1,6,31,RSA-SHA256_signed-by_RSA-SHA256,RSA-SHA256_signed-by_RSA-SHA256,10.743,3893.88,1209.34,1,0,0,149.6,9,1611.41,1582.42,2116,2113
1,3,30,RSA-SHA256_signed-by_RSA-SHA256,RSA-SHA256_signed-by_RSA-SHA256,17.959,2329.22,1464.62,1,25,1.13636,139.455,24,1119.78,1100.72,2116,2113
1,5,30,RSA-SHA256_signed-by_RSA-SHA256,RSA-SHA256_signed-by_RSA-SHA256,13.743,3043.81,1462.24,1,10,0.555556,185.778,15,1132.32,1124.62,2116,2113
1,7,28,RSA-SHA256_signed-by_RSA-SHA256,RSA-SHA256_signed-by_RSA-SHA256,11.338,3689.5,1168.45,1,4,0.363636,129.636,16,1147.77,1102.41,2116,2113
1,2,25,RSA-SHA256_signed-by_RSA-SHA256,RSA-SHA256_signed-by_RSA-SHA256,36.306,1152.19,844.804,1,33,1.32,178.96,24,1115.06,1116.56,2116,2113
1,8,29,RSA-SHA256_signed-by_RSA-SHA256,RSA-SHA256_signed-by_RSA-SHA256,15.455,2706.62,1171.89,1,7,0.4375,115.75,15,1116.55,1098.69,2116,2113
1,1,24,RSA-SHA256_signed-by_RSA-SHA256,RSA-SHA256_signed-by_RSA-SHA256,19.904,2101.6,1417.14,1,25,1.04167,276,24,1128.69,1091.64,2116,2113
1,6,32,RSA-SHA256_signed-by_RSA-SHA256,RSA-SHA256_signed-by_RSA-SHA256,15.423,2712.24,1150.46,1,7,0.5,136.571,9,1127.61,1102.88,2116,2113
1,5,31,RSA-SHA256_signed-by_RSA-SHA256,RSA-SHA256_signed-by_RSA-SHA256,12.793,3269.89,1015.55,0.1,0,0,149.6,15,1639.74,1578,2116,2113
1,2,26,RSA-SHA256_signed-by_RSA-SHA256,RSA-SHA256_signed-by_RSA-SHA256,9.427,4437.09,1378.05,0,0,0,163.2,24,1174.87,1093.88,2116,2113
1,7,29,RSA-SHA256_signed-by_RSA-SHA256,RSA-SHA256_signed-by_RSA-SHA256,12.795,3269.39,1199.22,0.0714286,3,0.214286,192.286,16,1122.31,1204.35,2116,2113
1,8,30,RSA-SHA256_signed-by_RSA-SHA256,RSA-SHA256_signed-by_RSA-SHA256,11.713,3571.13,1109.1,0,0,0,146,15,1131.02,1185.95,2116,2113
1,1,25,RSA-SHA256_signed-by_RSA-SHA256,RSA-SHA256_signed-by_RSA-SHA256,11.89,3517.97,1092.6,0,0,0,163.2,24,1100.41,1124.51,2116,2113
1,6,33,RSA-SHA256_signed-by_RSA-SHA256,RSA-SHA256_signed-by_RSA-SHA256,11.386,3673.67,1140.95,0,0,0,149.6,9,1131.85,1089.58,2116,2113
1,3,31,RSA-SHA256_signed-by_RSA-SHA256,RSA-SHA256_signed-by_RSA-SHA256,24.718,1692.36,1014.96,1,23,1.35294,184.118,24,1604.57,1581.94,2116,2113
1,2,27,RSA-SHA256_signed-by_RSA-SHA256,RSA-SHA256_signed-by_RSA-SHA256,14.069,2973.14,941.578,0.454545,0,0,151.818,24,1106.12,1118.72,2116,2113
1,7,30,RSA-SHA256_signed-by_RSA-SHA256,RSA-SHA256_signed-by_RSA-SHA256,13.983,2991.42,929.062,1,0,0,138.8,16,1119.27,1101.94,2116,2113
1,5,32,RSA-SHA256_signed-by_RSA-SHA256,RSA-SHA256_signed-by_RSA-SHA256,16.62,2516.93,804.801,0.916667,6,0.5,133,15,1096.23,1213.76,2116,2113
1,8,31,RSA-SHA256_signed-by_RSA-SHA256,RSA-SHA256_signed-by_RSA-SHA256,15.35,2725.2,863.059,1,0,0,129.636,15,1606.1,1608.68,2116,2113
1,1,26,RSA-SHA256_signed-by_RSA-SHA256,RSA-SHA256_signed-by_RSA-SHA256,14.832,2820.38,875.94,1,4,0.4,163.2,24,1143.7,1104.35,2116,2113
1,6,34,RSA-SHA256_signed-by_RSA-SHA256,RSA-SHA256_signed-by_RSA-SHA256,15.86,2637.56,1210.58,1,11,0.785714,169.143,9,1134.48,1090.71,2116,2113
1,3,32,RSA-SHA256_signed-by_RSA-SHA256,RSA-SHA256_signed-by_RSA-SHA256,14.345,2916.13,905.679,0.9,0,0,142.4,24,1132.94,1103.69,2116,2113
1,2,28,RSA-SHA256_signed-by_RSA-SHA256,RSA-SHA256_signed-by_RSA-SHA256,13.694,3054.73,1383.36,1,11,0.846154,205.077,24,1127,1109.42,2116,2113
1,8,32,RSA-SHA256_signed-by_RSA-SHA256,RSA-SHA256_signed-by_RSA-SHA256,9.745,4292.26,1333.07,1,0,0,149.6,15,1125.56,1089.23,2116,2113
1,7,31,RSA-SHA256_signed-by_RSA-SHA256,RSA-SHA256_signed-by_RSA-SHA256,16.998,2460.92,764.303,1,0,0,138.8,16,1560.03,1574.38,2116,2113
1,5,33,RSA-SHA256_signed-by_RSA-SHA256,RSA-SHA256_signed-by_RSA-SHA256,15.892,2632.21,977.576,1,10,0.666667,200.933,15,1118.45,1108.44,2116,2113
1,6,35,RSA-SHA256_signed-by_RSA-SHA256,RSA-SHA256_signed-by_RSA-SHA256,13.549,3087.39,1398.15,1,11,0.846154,179.231,9,1127.57,1112.05,2116,2113
1,1,27,RSA-SHA256_signed-by_RSA-SHA256,RSA-SHA256_signed-by_RSA-SHA256,18.312,2284.31,1748.29,1,44,1.57143,276.714,24,1104.48,1146.3,2116,2113
1,3,33,RSA-SHA256_signed-by_RSA-SHA256,RSA-SHA256_signed-by_RSA-SHA256,18.631,2245.19,1349.95,1,22,1.29412,193.529,24,1126.41,1112.52,2116,2113
1,2,29,RSA-SHA256_signed-by_RSA-SHA256,RSA-SHA256_signed-by_RSA-SHA256,15.259,2741.38,1162.82,1,7,0.5,148,24,1098.78,1112.91,2116,2113
1,8,33,RSA-SHA256_signed-by_RSA-SHA256,RSA-SHA256_signed-by_RSA-SHA256,15.961,2620.8,813.958,1,0,0,149.6,15,1134.23,1083.79,2116,2113
1,5,34,RSA-SHA256_signed-by_RSA-SHA256,RSA-SHA256_signed-by_RSA-SHA256,13.777,3036.32,1099.79,0.846154,0,0,244.462,15,1134.7,1102.29,2116,2113
1,7,32,RSA-SHA256_signed-by_RSA-SHA256,RSA-SHA256_signed-by_RSA-SHA256,15.622,2677.71,831.63,1,0,0,138.8,16,1121.9,1086.17,2116,2113
1,6,36,RSA-SHA256_signed-by_RSA-SHA256,RSA-SHA256_signed-by_RSA-SHA256,16.071,2602.9,824.325,1,0,0,139.455,9,1096.71,1116.47,2116,2113
1,3,34,RSA-SHA256_signed-by_RSA-SHA256,RSA-SHA256_signed-by_RSA-SHA256,11.904,3513.84,1091.31,0.8,0,0,149.6,24,1129.86,1093.92,2116,2113
1,1,28,RSA-SHA256_signed-by_RSA-SHA256,RSA-SHA256_signed-by_RSA-SHA256,16.08,2601.44,1446.74,0.842105,21,1.10526,336.105,24,1128.35,1108.58,2116,2113
1,8,34,RSA-SHA256_signed-by_RSA-SHA256,RSA-SHA256_signed-by_RSA-SHA256,12.045,3472.73,1273.8,1,7,0.5,127.143,15,1127.52,1143.98,2116,2113
1,2,30,RSA-SHA256_signed-by_RSA-SHA256,RSA-SHA256_signed-by_RSA-SHA256,14.998,2789.16,866.246,1,0,0,163.2,24,1120.21,1095.52,2116,2113
1,5,35,RSA-SHA256_signed-by_RSA-SHA256,RSA-SHA256_signed-by_RSA-SHA256,14.808,2824.93,1296.58,1,11,0.785714,185.143,15,1096.87,1100.08,2116,2113
1,7,33,RSA-SHA256_signed-by_RSA-SHA256,RSA-SHA256_signed-by_RSA-SHA256,15.771,2652.42,1591.75,1,21,0.913043,108.957,16,1122.37,1121.58,2116,2113
1,6,37,RSA-SHA256_signed-by_RSA-SHA256,RSA-SHA256_signed-by_RSA-SHA256,13.222,3163.81,982.602,1,0,0,149.6,9,1121.47,1101.1,2116,2113
1,3,35,RSA-SHA256_signed-by_RSA-SHA256,RSA-SHA256_signed-by_RSA-SHA256,13.268,3152.83,979.193,1,0,0,138.8,24,1105.4,1104.12,2116,2113
1,1,29,RSA-SHA256_signed-by_RSA-SHA256,RSA-SHA256_signed-by_RSA-SHA256,15.063,2777.09,1035.63,1,7,0.466667,215.333,24,1122.29,1107.41,2116,2113
1,8,35,RSA-SHA256_signed-by_RSA-SHA256,RSA-SHA256_signed-by_RSA-SHA256,13.335,3136.98,988.667,1,7,0.636364,139.455,15,1124.97,1096.89,2116,2113
1,7,34,RSA-SHA256_signed-by_RSA-SHA256,RSA-SHA256_signed-by_RSA-SHA256,9.058,4617.8,1434.17,1,0,0,138.8,16,1133.82,1112.38,2116,2113
1,6,38,RSA-SHA256_signed-by_RSA-SHA256,RSA-SHA256_signed-by_RSA-SHA256,11.138,3755.74,1166.44,1,0,0,149.6,9,1140.27,1108.3,2116,2113
1,2,31,RSA-SHA256_signed-by_RSA-SHA256,RSA-SHA256_signed-by_RSA-SHA256,21.05,1987.18,1303.51,1,28,1.21739,138.348,24,1673.89,1569.08,2116,2113
1,3,36,RSA-SHA256_signed-by_RSA-SHA256,RSA-SHA256_signed-by_RSA-SHA256,14.391,2906.72,1316.34,1,11,0.846154,165.385,24,1125.06,1088.73,2116,2113
1,8,36,RSA-SHA256_signed-by_RSA-SHA256,RSA-SHA256_signed-by_RSA-SHA256,11.36,3682.32,1752.08,0.352941,7,0.411765,194.471,15,1130.75,1099.41,2116,2113
1,5,36,RSA-SHA256_signed-by_RSA-SHA256,RSA-SHA256_signed-by_RSA-SHA256,21.973,1903.78,792.968,1,13,1,175.846,15,1163.12,1102.79,2116,2113
1,1,30,RSA-SHA256_signed-by_RSA-SHA256,RSA-SHA256_signed-by_RSA-SHA256,15.369,2721.75,1151.37,0.944444,10,0.555556,195.778,24,1129.76,1106.73,2116,2113
1,7,35,RSA-SHA256_signed-by_RSA-SHA256,RSA-SHA256_signed-by_RSA-SHA256,12.151,3442.63,1069.2,1,0,0,138.8,16,1129.12,1094.89,2116,2113
1,6,39,RSA-SHA256_signed-by_RSA-SHA256,RSA-SHA256_signed-by_RSA-SHA256,17.884,2338.96,1166.57,1,7,0.466667,131.6,9,1164.05,1110,2116,2113
1,2,32,RSA-SHA256_signed-by_RSA-SHA256,RSA-SHA256_signed-by_RSA-SHA256,15.11,2768.38,1019.68,1,0,0,138.571,24,1215.2,1104.11,2116,2113
1,3,37,RSA-SHA256_signed-by_RSA-SHA256,RSA-SHA256_signed-by_RSA-SHA256,15.44,2709.23,1149.18,1,7,0.5,127.143,24,1136.36,1117.91,2116,2113
1,1,31,RSA-SHA256_signed-by_RSA-SHA256,RSA-SHA256_signed-by_RSA-SHA256,14.395,2905.93,920.294,1,4,0.363636,151.818,24,1616.89,1583.43,2116,2113
1,7,36,RSA-SHA256_signed-by_RSA-SHA256,RSA-SHA256_signed-by_RSA-SHA256,14.43,2898.87,900.32,1,0,0,138.8,16,1122.33,1097.74,2116,2113
1,8,37,RSA-SHA256_signed-by_RSA-SHA256,RSA-SHA256_signed-by_RSA-SHA256,18.912,2211.84,1329.89,1,22,1.29412,184.118,15,1130.12,1096.43,2116,2113
1,5,37,RSA-SHA256_signed-by_RSA-SHA256,RSA-SHA256_signed-by_RSA-SHA256,17.852,2343.19,1889.25,1,41,1.41379,279.655,15,1114.19,1111.85,2116,2113
1,6,40,RSA-SHA256_signed-by_RSA-SHA256,RSA-SHA256_signed-by_RSA-SHA256,13.18,3173.88,985.729,1,0,0,149.6,9,1140.23,1108.83,2116,2113
1,3,38,RSA-SHA256_signed-by_RSA-SHA256,RSA-SHA256_signed-by_RSA-SHA256,12.371,3381.19,1050.12,1,0,0,138.8,24,1100.54,1106.29,2116,2113
1,2,33,RSA-SHA256_signed-by_RSA-SHA256,RSA-SHA256_signed-by_RSA-SHA256,15.779,2651.07,1124.51,0.785714,7,0.5,148,24,1136.36,1113.57,2116,2113
1,7,37,RSA-SHA256_signed-by_RSA-SHA256,RSA-SHA256_signed-by_RSA-SHA256,11.854,3528.65,1117.51,0.727273,0,0,129.636,16,1131.25,1112.15,2116,2113
1,8,38,RSA-SHA256_signed-by_RSA-SHA256,RSA-SHA256_signed-by_RSA-SHA256,12.048,3471.83,898.998,1,0,0,178.571,15,1125.69,1081.7,2116,2113
1,1,32,RSA-SHA256_signed-by_RSA-SHA256,RSA-SHA256_signed-by_RSA-SHA256,14.217,2942.37,1079.26,0.785714,7,0.5,229.714,24,1133.77,1110.16,2116,2113
1,5,38,RSA-SHA256_signed-by_RSA-SHA256,RSA-SHA256_signed-by_RSA-SHA256,18.662,2241.51,1028.81,1,11,0.785714,170.286,15,1159.12,1096.33,2116,2113
1,6,41,RSA-SHA256_signed-by_RSA-SHA256,RSA-SHA256_signed-by_RSA-SHA256,17.119,2443.55,1051.44,1,7,0.466667,130,9,1100.56,1115.59,2116,2113
1,3,39,RSA-SHA256_signed-by_RSA-SHA256,RSA-SHA256_signed-by_RSA-SHA256,16.053,2605.83,809.307,1,0,0,138.8,24,1128.71,1134.64,2116,2113
1,7,38,RSA-SHA256_signed-by_RSA-SHA256,RSA-SHA256_signed-by_RSA-SHA256,14.456,2893.71,1297.16,1,2,0.166667,138,16,1133,1094.63,2116,2113
1,2,34,RSA-SHA256_signed-by_RSA-SHA256,RSA-SHA256_signed-by_RSA-SHA256,15.904,2630.24,828.961,1,7,0.636364,148.545,24,1129.5,1121.12,2116,2113
1,8,39,RSA-SHA256_signed-by_RSA-SHA256,RSA-SHA256_signed-by_RSA-SHA256,17.539,2385.04,1351.93,1,18,0.857143,247.333,15,1106.14,1097.66,2116,2113
1,1,33,RSA-SHA256_signed-by_RSA-SHA256,RSA-SHA256_signed-by_RSA-SHA256,17.723,2360.28,1133.87,1,14,0.777778,203.111,24,1151.39,1097.1,2116,2113
1,5,39,RSA-SHA256_signed-by_RSA-SHA256,RSA-SHA256_signed-by_RSA-SHA256,13.023,3212.12,1017.26,1,0,0,139.455,15,1138.73,1108.39,2116,2113
1,6,42,RSA-SHA256_signed-by_RSA-SHA256,RSA-SHA256_signed-by_RSA-SHA256,12.657,3305.04,1422.13,1,7,0.466667,130,9,1121.12,1092.55,2116,2113
1,2,35,RSA-SHA256_signed-by_RSA-SHA256,RSA-SHA256_signed-by_RSA-SHA256,12.221,3422.95,1448,1,12,0.666667,319.111,24,1127.08,1098.46,2116,2113
1,8,40,RSA-SHA256_signed-by_RSA-SHA256,RSA-SHA256_signed-by_RSA-SHA256,9.866,4239.6,1316.72,1,4,0.4,163.2,15,1134.28,1089.15,2116,2113
1,1,34,RSA-SHA256_signed-by_RSA-SHA256,RSA-SHA256_signed-by_RSA-SHA256,15.617,2678.51,998.872,1,3,0.2,216.933,24,1117.02,1108.25,2116,2113
1,5,40,RSA-SHA256_signed-by_RSA-SHA256,RSA-SHA256_signed-by_RSA-SHA256,14.487,2887.46,1108.82,1,12,0.8,122.533,15,1126.31,1110.87,2116,2113
1,7,39,RSA-SHA256_signed-by_RSA-SHA256,RSA-SHA256_signed-by_RSA-SHA256,26.588,1573.32,1024.81,1,21,0.954545,118.727,16,1106.57,1104.13,2116,2113
1,3,40,RSA-SHA256_signed-by_RSA-SHA256,RSA-SHA256_signed-by_RSA-SHA256,28.826,1451.16,1371.51,1,45,1.5,143.6,24,1126.97,1092.49,2116,2113
1,6,43,RSA-SHA256_signed-by_RSA-SHA256,RSA-SHA256_signed-by_RSA-SHA256,19.315,2165.68,1534.9,1,19,0.95,128.6,9,1100.34,1116.64,2116,2113
1,1,35,RSA-SHA256_signed-by_RSA-SHA256,RSA-SHA256_signed-by_RSA-SHA256,12.483,3351.08,1076.65,1,5,0.416667,142.333,24,1135.67,1109.85,2116,2113
1,8,41,RSA-SHA256_signed-by_RSA-SHA256,RSA-SHA256_signed-by_RSA-SHA256,19.597,2134.52,1088.28,1,11,0.52381,180.476,16,1128.19,1129.1,2116,2113
1,2,36,RSA-SHA256_signed-by_RSA-SHA256,RSA-SHA256_signed-by_RSA-SHA256,22.739,1839.65,1405.15,1,39,1.39286,531.714,24,1128.09,1104.28,2116,2113
1,5,41,RSA-SHA256_signed-by_RSA-SHA256,RSA-SHA256_signed-by_RSA-SHA256,15.613,2679.24,1591.45,0.636364,17,0.772727,182.909,15,1126.76,1107.08,2116,2113
1,7,40,RSA-SHA256_signed-by_RSA-SHA256,RSA-SHA256_signed-by_RSA-SHA256,12.683,3298.23,1024.35,1,0,0,138.8,16,1120,1104.29,2116,2113
1,3,41,RSA-SHA256_signed-by_RSA-SHA256,RSA-SHA256_signed-by_RSA-SHA256,13.146,3182.05,988.267,1,0,0,141.2,24,1119.91,1104.84,2116,2113
1,6,44,RSA-SHA256_signed-by_RSA-SHA256,RSA-SHA256_signed-by_RSA-SHA256,12.959,3227.99,1184.03,0.285714,3,0.214286,209.143,9,1098.86,1107.27,2116,2113
1,8,42,RSA-SHA256_signed-by_RSA-SHA256,RSA-SHA256_signed-by_RSA-SHA256,11.008,3799.8,1180.13,0,0,0,163.2,16,1129.98,1091.8,2116,2113
1,2,37,RSA-SHA256_signed-by_RSA-SHA256,RSA-SHA256_signed-by_RSA-SHA256,10.964,3815.39,1184.97,0,0,0,163.2,24,1127.77,1102.23,2116,2113
1,5,42,RSA-SHA256_signed-by_RSA-SHA256,RSA-SHA256_signed-by_RSA-SHA256,11.723,3568.34,1108.24,0,0,0,149.6,15,1133.56,1106.3,2116,2113
1,1,36,RSA-SHA256_signed-by_RSA-SHA256,RSA-SHA256_signed-by_RSA-SHA256,17.413,2402.26,881.151,0.428571,3,0.214286,229.714,24,1130.9,1091.71,2116,2113
1,7,41,RSA-SHA256_signed-by_RSA-SHA256,RSA-SHA256_signed-by_RSA-SHA256,15.184,2754.93,1010.51,0.642857,7,0.5,118.571,16,1130.48,1111.05,2116,2113
1,3,42,RSA-SHA256_signed-by_RSA-SHA256,RSA-SHA256_signed-by_RSA-SHA256,15.168,2757.85,873.399,1,0,0,129.636,24,1134.67,1106.94,2116,2113
1,6,45,RSA-SHA256_signed-by_RSA-SHA256,RSA-SHA256_signed-by_RSA-SHA256,14.579,2869.28,891.13,1,0,0,149.6,9,1110.46,1211.03,2116,2113
1,8,43,RSA-SHA256_signed-by_RSA-SHA256,RSA-SHA256_signed-by_RSA-SHA256,15.049,2779.66,897.318,1,0,0,142.333,16,1127.17,1101.93,2116,2113
1,2,38,RSA-SHA256_signed-by_RSA-SHA256,RSA-SHA256_signed-by_RSA-SHA256,14.352,2914.67,913.029,1,0,0,151.455,24,1129.6,1111.41,2116,2113
1,1,37,RSA-SHA256_signed-by_RSA-SHA256,RSA-SHA256_signed-by_RSA-SHA256,13.396,3122.71,969.837,1,0,0,158.4,24,1136.27,1105.53,2116,2113
1,7,42,RSA-SHA256_signed-by_RSA-SHA256,RSA-SHA256_signed-by_RSA-SHA256,13.057,3203.76,1014.62,0.909091,0,0,129.636,16,1108.71,1104.4,2116,2113
1,6,46,RSA-SHA256_signed-by_RSA-SHA256,RSA-SHA256_signed-by_RSA-SHA256,10.691,3912.81,1215.22,0.2,0,0,149.6,9,1127.21,1143.83,2116,2113
1,3,43,RSA-SHA256_signed-by_RSA-SHA256,RSA-SHA256_signed-by_RSA-SHA256,13.142,3183.02,1456.07,0.714286,12,0.857143,156.286,24,1160.63,1097.69,2116,2113
1,8,44,RSA-SHA256_signed-by_RSA-SHA256,RSA-SHA256_signed-by_RSA-SHA256,11.324,3694.05,1147.28,0.8,0,0,163.2,16,1128.61,1107.13,2116,2113
1,2,39,RSA-SHA256_signed-by_RSA-SHA256,RSA-SHA256_signed-by_RSA-SHA256,12.02,3480.14,1118.12,1,5,0.416667,142.333,24,1162.4,1099.6,2116,2113
1,1,38,RSA-SHA256_signed-by_RSA-SHA256,RSA-SHA256_signed-by_RSA-SHA256,10.656,3925.61,1219.2,1,4,0.4,138.8,24,1125.26,1097.56,2116,2113
1,7,43,RSA-SHA256_signed-by_RSA-SHA256,RSA-SHA256_signed-by_RSA-SHA256,10.173,4111.67,1302.15,1,0,0,129.636,16,1132.68,1109.44,2116,2113
1,5,43,RSA-SHA256_signed-by_RSA-SHA256,RSA-SHA256_signed-by_RSA-SHA256,29.675,1409.64,978.04,1,28,1.16667,146.5,15,1096.5,1083.68,2116,2113
1,6,47,RSA-SHA256_signed-by_RSA-SHA256,RSA-SHA256_signed-by_RSA-SHA256,12.229,3420.7,1533.39,1,7,0.583333,163,9,1602.24,1587.09,2116,2113
1,8,45,RSA-SHA256_signed-by_RSA-SHA256,RSA-SHA256_signed-by_RSA-SHA256,11.704,3573.87,1148.23,1,5,0.416667,142.333,16,1148.42,1094.97,2116,2113
1,2,40,RSA-SHA256_signed-by_RSA-SHA256,RSA-SHA256_signed-by_RSA-SHA256,15.59,2683.19,984.194,1,7,0.5,229.714,24,1127.03,1104.58,2116,2113
1,7,44,RSA-SHA256_signed-by_RSA-SHA256,RSA-SHA256_signed-by_RSA-SHA256,14.442,2896.52,917.313,1,0,0,129.636,16,1126.26,1105.73,2116,2113
1,1,39,RSA-SHA256_signed-by_RSA-SHA256,RSA-SHA256_signed-by_RSA-SHA256,18.482,2263.33,840.577,1,4,0.266667,182,24,1165.98,1099.9,2116,2113
1,5,44,RSA-SHA256_signed-by_RSA-SHA256,RSA-SHA256_signed-by_RSA-SHA256,15.913,2628.75,816.424,1,0,0,149.6,15,1121.58,1100.09,2116,2113
1,3,44,RSA-SHA256_signed-by_RSA-SHA256,RSA-SHA256_signed-by_RSA-SHA256,26.404,1584.29,1175.57,1,34,1.7,230.6,24,1100.26,1104.46,2116,2113
1,6,48,RSA-SHA256_signed-by_RSA-SHA256,RSA-SHA256_signed-by_RSA-SHA256,17.239,2426.53,973.581,0.625,5,0.3125,190.25,9,1127.04,1103.06,2116,2113
1,8,46,RSA-SHA256_signed-by_RSA-SHA256,RSA-SHA256_signed-by_RSA-SHA256,18.617,2246.91,980.579,0.388889,7,0.388889,201.333,16,1135.19,1115.52,2116,2113
1,2,41,RSA-SHA256_signed-by_RSA-SHA256,RSA-SHA256_signed-by_RSA-SHA256,14.026,2982.45,1261.65,0.166667,10,0.555556,195.778,24,1121.61,1096.8,2116,2113
1,7,45,RSA-SHA256_signed-by_RSA-SHA256,RSA-SHA256_signed-by_RSA-SHA256,11.548,3622.14,1124.95,0.8,0,0,138.8,16,1129.18,1177.17,2116,2113
1,1,40,RSA-SHA256_signed-by_RSA-SHA256,RSA-SHA256_signed-by_RSA-SHA256,14.816,2823.38,894.152,0.727273,0,0,129.636,24,1121.64,1100.98,2116,2113
1,5,45,RSA-SHA256_signed-by_RSA-SHA256,RSA-SHA256_signed-by_RSA-SHA256,13.869,3016.18,936.752,0.8,0,0,152,15,1133.5,1101.17,2116,2113
1,3,45,RSA-SHA256_signed-by_RSA-SHA256,RSA-SHA256_signed-by_RSA-SHA256,13.544,3088.55,959.229,1,0,0,149.6,24,1104.59,1082,2116,2113
1,6,49,RSA-SHA256_signed-by_RSA-SHA256,RSA-SHA256_signed-by_RSA-SHA256,12.433,3364.56,1044.95,1,0,0,149.6,9,1128.37,1123.26,2116,2113
1,8,47,RSA-SHA256_signed-by_RSA-SHA256,RSA-SHA256_signed-by_RSA-SHA256,14.834,2819.94,893.063,1,0,0,151.818,16,1600.69,1569.68,2116,2113
1,7,46,RSA-SHA256_signed-by_RSA-SHA256,RSA-SHA256_signed-by_RSA-SHA256,15.397,2716.79,860.394,1,0,0,129.636,16,1124.24,1113.06,2116,2113
1,2,42,RSA-SHA256_signed-by_RSA-SHA256,RSA-SHA256_signed-by_RSA-SHA256,18.4,2273.37,1546.02,1,25,1.19048,168.095,24,1154.23,1109.45,2116,2113
1,1,41,RSA-SHA256_signed-by_RSA-SHA256,RSA-SHA256_signed-by_RSA-SHA256,14.274,2930.57,928.096,1,0,0,129.636,24,1143.18,1089.65,2116,2113
1,3,46,RSA-SHA256_signed-by_RSA-SHA256,RSA-SHA256_signed-by_RSA-SHA256,17.261,2423.41,1057.6,1,7,0.4375,124.25,24,1127.32,1122.73,2116,2113
1,6,50,RSA-SHA256_signed-by_RSA-SHA256,RSA-SHA256_signed-by_RSA-SHA256,16.653,2511.89,780.133,1,0,0,149.6,9,1122.86,1095.03,2116,2113
1,5,46,RSA-SHA256_signed-by_RSA-SHA256,RSA-SHA256_signed-by_RSA-SHA256,22.238,1881.09,1353.35,1,30,1.36364,170.182,15,1136.64,1107.27,2116,2113
1,8,48,RSA-SHA256_signed-by_RSA-SHA256,RSA-SHA256_signed-by_RSA-SHA256,15.926,2626.55,815.742,1,0,0,163.2,16,1126.51,1091.8,2116,2113
1,7,47,RSA-SHA256_signed-by_RSA-SHA256,RSA-SHA256_signed-by_RSA-SHA256,14.238,2938.02,1330.51,1,11,0.846154,165.385,16,1600.37,1579.15,2116,2113
1,2,43,RSA-SHA256_signed-by_RSA-SHA256,RSA-SHA256_signed-by_RSA-SHA256,16.792,2491.13,1071.91,1,7,0.466667,140.667,24,1128.06,1106.42,2116,2113
1,1,42,RSA-SHA256_signed-by_RSA-SHA256,RSA-SHA256_signed-by_RSA-SHA256,16.145,2590.96,1173.34,1,15,1.15385,165.385,24,1129.35,1093.35,2116,2113
1,3,47,RSA-SHA256_signed-by_RSA-SHA256,RSA-SHA256_signed-by_RSA-SHA256,13.055,3204.28,1009.88,1,7,0.636364,139.455,24,1617.3,1551.67,2116,2113
1,6,51,RSA-SHA256_signed-by_RSA-SHA256,RSA-SHA256_signed-by_RSA-SHA256,16.384,2553.14,1238.24,1,19,1,117.579,9,1125.3,1104.33,2116,2113
1,5,47,RSA-SHA256_signed-by_RSA-SHA256,RSA-SHA256_signed-by_RSA-SHA256,14.535,2877.96,1614.83,1,14,0.7,114.8,15,1603.53,1566.64,2116,2113
1,8,49,RSA-SHA256_signed-by_RSA-SHA256,RSA-SHA256_signed-by_RSA-SHA256,16.452,2542.58,805.222,1,4,0.363636,151.818,16,1099.04,1111.79,2116,2113
1,7,48,RSA-SHA256_signed-by_RSA-SHA256,RSA-SHA256_signed-by_RSA-SHA256,16.83,2485.46,771.922,1,4,0.4,138.8,16,1134.9,1090.6,2116,2113
1,2,44,RSA-SHA256_signed-by_RSA-SHA256,RSA-SHA256_signed-by_RSA-SHA256,13.39,3124.01,1694.34,1,21,1.10526,134.632,24,1127.78,1103.04,2116,2113
1,1,43,RSA-SHA256_signed-by_RSA-SHA256,RSA-SHA256_signed-by_RSA-SHA256,14.78,2830.17,1085.74,1,10,0.588235,165.059,24,1128.75,1105.34,2116,2113
1,5,48,RSA-SHA256_signed-by_RSA-SHA256,RSA-SHA256_signed-by_RSA-SHA256,11.912,3511.64,1112.12,1,0,0,139.455,15,1135.33,1101.95,2116,2113
1,6,52,RSA-SHA256_signed-by_RSA-SHA256,RSA-SHA256_signed-by_RSA-SHA256,14.235,2938.56,1647.7,1,20,1,237.8,9,1133.28,1092.63,2116,2113
1,3,48,RSA-SHA256_signed-by_RSA-SHA256,RSA-SHA256_signed-by_RSA-SHA256,22.882,1828.12,1285.17,1,21,0.84,163.6,24,1122.07,1109.31,2116,2113
1,2,45,RSA-SHA256_signed-by_RSA-SHA256,RSA-SHA256_signed-by_RSA-SHA256,12.154,3441.77,1246.65,0.846154,0,0,244.462,24,1098.12,1106.37,2116,2113
1,8,50,RSA-SHA256_signed-by_RSA-SHA256,RSA-SHA256_signed-by_RSA-SHA256,15.219,2748.58,1008.18,1,3,0.214286,229.714,16,1145.53,1093.58,2116,2113
1,7,49,RSA-SHA256_signed-by_RSA-SHA256,RSA-SHA256_signed-by_RSA-SHA256,14.81,2824.49,1036.02,0.785714,3,0.214286,192.286,16,1125.29,1105.09,2116,2113
1,1,44,RSA-SHA256_signed-by_RSA-SHA256,RSA-SHA256_signed-by_RSA-SHA256,15.6,2681.48,987.67,0.571429,0,0,192.286,24,1131.89,1101.77,2116,2113
1,5,49,RSA-SHA256_signed-by_RSA-SHA256,RSA-SHA256_signed-by_RSA-SHA256,12.189,3431.95,1065.88,0.8,0,0,149.6,15,1124.72,1126.11,2116,2113
1,6,53,RSA-SHA256_signed-by_RSA-SHA256,RSA-SHA256_signed-by_RSA-SHA256,15.842,2640.49,1195.77,0.846154,11,0.846154,177.385,9,1141.18,1097.84,2116,2113
1,3,49,RSA-SHA256_signed-by_RSA-SHA256,RSA-SHA256_signed-by_RSA-SHA256,11.775,3552.59,1303.09,0.428571,7,0.5,127.143,24,1111.64,1099.01,2116,2113
1,2,46,RSA-SHA256_signed-by_RSA-SHA256,RSA-SHA256_signed-by_RSA-SHA256,13.62,3071.3,1302.76,0.428571,7,0.5,148,24,1125.65,1107.13,2116,2113
1,8,51,RSA-SHA256_signed-by_RSA-SHA256,RSA-SHA256_signed-by_RSA-SHA256,13.84,3022.48,957.204,0.545455,0,0,151.818,16,1125.51,1104.18,2116,2113
1,7,50,RSA-SHA256_signed-by_RSA-SHA256,RSA-SHA256_signed-by_RSA-SHA256,14.132,2960.03,919.313,1,0,0,138.8,16,1131.15,1195.9,2116,2113
1,1,45,RSA-SHA256_signed-by_RSA-SHA256,RSA-SHA256_signed-by_RSA-SHA256,14.749,2836.21,898.216,1,0,0,129.636,24,1148.45,1105.08,2116,2113
1,5,50,RSA-SHA256_signed-by_RSA-SHA256,RSA-SHA256_signed-by_RSA-SHA256,18.66,2241.71,723.659,1,0,0,131,15,1136.26,1108.31,2116,2113
1,6,54,RSA-SHA256_signed-by_RSA-SHA256,RSA-SHA256_signed-by_RSA-SHA256,15.264,2740.52,851.139,1,0,0,149.6,9,1129.78,1095.88,2116,2113
1,3,50,RSA-SHA256_signed-by_RSA-SHA256,RSA-SHA256_signed-by_RSA-SHA256,15.273,2738.91,850.638,1,0,0,149.6,24,1125.84,1085.34,2116,2113
1,8,52,RSA-SHA256_signed-by_RSA-SHA256,RSA-SHA256_signed-by_RSA-SHA256,12.442,3361.9,1522.47,1,12,0.923077,196.462,16,1128.09,1095.72,2116,2113
1,7,51,RSA-SHA256_signed-by_RSA-SHA256,RSA-SHA256_signed-by_RSA-SHA256,17.339,2412.56,1324.16,0.916667,21,0.875,162.833,16,1128.82,1102.15,2116,2113
1,1,46,RSA-SHA256_signed-by_RSA-SHA256,RSA-SHA256_signed-by_RSA-SHA256,17.528,2386.52,1351.86,1,18,1.05882,149.529,24,1121.6,1105.62,2116,2113
1,5,51,RSA-SHA256_signed-by_RSA-SHA256,RSA-SHA256_signed-by_RSA-SHA256,13.758,3040.34,962.862,1,0,0,139.455,15,1096.23,1104.69,2116,2113
1,2,47,RSA-SHA256_signed-by_RSA-SHA256,RSA-SHA256_signed-by_RSA-SHA256,26.251,1593.48,697.854,1,16,0.941176,132.824,24,1571.73,1569.7,2116,2113
1,6,55,RSA-SHA256_signed-by_RSA-SHA256,RSA-SHA256_signed-by_RSA-SHA256,14.394,2906.21,933.721,1,7,0.583333,131,9,1100.18,1095.76,2116,2113
1,8,53,RSA-SHA256_signed-by_RSA-SHA256,RSA-SHA256_signed-by_RSA-SHA256,14.813,2823.99,925.669,1,0,0,192.909,16,1128.34,1095.37,2116,2113
1,3,51,RSA-SHA256_signed-by_RSA-SHA256,RSA-SHA256_signed-by_RSA-SHA256,17.376,2407.42,747.685,1,0,0,149.6,24,1139.95,1096.47,2116,2113
1,7,52,RSA-SHA256_signed-by_RSA-SHA256,RSA-SHA256_signed-by_RSA-SHA256,14.228,2940.07,913.115,0.6,0,0,138.8,16,1163.26,1107.56,2116,2113
1,5,52,RSA-SHA256_signed-by_RSA-SHA256,RSA-SHA256_signed-by_RSA-SHA256,10.547,3965.91,1231.72,0.3,4,0.4,147.2,15,1112.57,1146.34,2116,2113
1,1,47,RSA-SHA256_signed-by_RSA-SHA256,RSA-SHA256_signed-by_RSA-SHA256,13.817,3027.57,958.816,0.636364,0,0,131.818,24,1614.8,1574.28,2116,2113
1,6,56,RSA-SHA256_signed-by_RSA-SHA256,RSA-SHA256_signed-by_RSA-SHA256,12.087,3460.9,1313.15,0.285714,1,0.0714286,207.714,9,1125.83,1115.28,2116,2113
1,8,54,RSA-SHA256_signed-by_RSA-SHA256,RSA-SHA256_signed-by_RSA-SHA256,11.491,3640.11,1130.53,0.4,0,0,163.2,16,1125.76,1194.66,2116,2113
1,2,48,RSA-SHA256_signed-by_RSA-SHA256,RSA-SHA256_signed-by_RSA-SHA256,14.154,2955.45,1070.49,0.307692,0,0,222.308,24,1128.63,1118.72,2116,2113
1,3,52,RSA-SHA256_signed-by_RSA-SHA256,RSA-SHA256_signed-by_RSA-SHA256,13.765,3038.97,943.83,1,0,0,149.6,24,1118.12,1118.13,2116,2113
1,7,53,RSA-SHA256_signed-by_RSA-SHA256,RSA-SHA256_signed-by_RSA-SHA256,12.872,3249.79,1065.24,1,1,0.0909091,131.091,16,1126.57,1117.13,2116,2113
1,5,53,RSA-SHA256_signed-by_RSA-SHA256,RSA-SHA256_signed-by_RSA-SHA256,16.404,2550,1252.33,1,11,0.55,168,15,1128.01,1107.86,2116,2113
1,6,57,RSA-SHA256_signed-by_RSA-SHA256,RSA-SHA256_signed-by_RSA-SHA256,15.327,2729.18,1170.17,1,8,0.533333,121.2,9,1124.76,1108.39,2116,2113
1,7,54,RSA-SHA256_signed-by_RSA-SHA256,RSA-SHA256_signed-by_RSA-SHA256,10.688,3913.84,1215.54,1,0,0,138.8,16,1126.91,1106.94,2116,2113
1,3,53,RSA-SHA256_signed-by_RSA-SHA256,RSA-SHA256_signed-by_RSA-SHA256,14.432,2898.42,1558.68,1,14,0.777778,130.667,24,1130.95,1097.64,2116,2113
1,1,48,RSA-SHA256_signed-by_RSA-SHA256,RSA-SHA256_signed-by_RSA-SHA256,21.571,1939.24,1292.83,1,23,0.92,109.04,24,1150.35,1109.38,2116,2113
1,8,55,RSA-SHA256_signed-by_RSA-SHA256,RSA-SHA256_signed-by_RSA-SHA256,24.301,1721.37,1384.6,1,41,1.64,184.88,16,1135.32,1108.84,2116,2113
1,5,54,RSA-SHA256_signed-by_RSA-SHA256,RSA-SHA256_signed-by_RSA-SHA256,15.168,2757.82,873.389,1,0,0,129.636,15,1124.36,1113.15,2116,2113
1,2,49,RSA-SHA256_signed-by_RSA-SHA256,RSA-SHA256_signed-by_RSA-SHA256,27.919,1498.28,1111.75,1,34,1.7,206.2,24,1132.97,1084.21,2116,2113
1,6,58,RSA-SHA256_signed-by_RSA-SHA256,RSA-SHA256_signed-by_RSA-SHA256,15.745,2656.76,903.368,1,1,0.0769231,116.769,9,1127.42,1110.01,2116,2113
1,7,55,RSA-SHA256_signed-by_RSA-SHA256,RSA-SHA256_signed-by_RSA-SHA256,13.307,3143.57,976.315,1,0,0,138.8,16,1134.77,1103.94,2116,2113
1,3,54,RSA-SHA256_signed-by_RSA-SHA256,RSA-SHA256_signed-by_RSA-SHA256,15.973,2618.84,1185.97,1,11,0.846154,176.462,24,1125.54,1101.19,2116,2113
1,1,49,RSA-SHA256_signed-by_RSA-SHA256,RSA-SHA256_signed-by_RSA-SHA256,17.866,2341.33,1418.5,1,23,1.27778,170,24,1120.52,1111.89,2116,2113
1,8,56,RSA-SHA256_signed-by_RSA-SHA256,RSA-SHA256_signed-by_RSA-SHA256,14.702,2845.25,1224.29,0.6,7,0.466667,140.667,16,1113.04,1080.88,2116,2113
1,5,55,RSA-SHA256_signed-by_RSA-SHA256,RSA-SHA256_signed-by_RSA-SHA256,12.124,3450.3,1071.58,0.9,0,0,138.8,15,1117.81,1090.64,2116,2113
1,2,50,RSA-SHA256_signed-by_RSA-SHA256,RSA-SHA256_signed-by_RSA-SHA256,11.672,3583.93,1623.02,0.692308,11,0.846154,179.231,24,1131.8,1085.98,2116,2113
1,6,59,RSA-SHA256_signed-by_RSA-SHA256,RSA-SHA256_signed-by_RSA-SHA256,12.853,3254.6,1010.8,0.7,0,0,138.8,9,1132.02,1100.82,2116,2113
1,7,56,RSA-SHA256_signed-by_RSA-SHA256,RSA-SHA256_signed-by_RSA-SHA256,12.927,3235.97,1019.87,0.272727,7,0.636364,129.636,16,1137.46,1081.23,2116,2113
1,3,55,RSA-SHA256_signed-by_RSA-SHA256,RSA-SHA256_signed-by_RSA-SHA256,12.155,3441.49,1068.84,1,0,0,138.8,24,1132.62,1110.31,2116,2113
1,1,50,RSA-SHA256_signed-by_RSA-SHA256,RSA-SHA256_signed-by_RSA-SHA256,10.52,3976.08,1234.87,1,0,0,138.8,24,1099.79,1091.95,2116,2113
1,5,56,RSA-SHA256_signed-by_RSA-SHA256,RSA-SHA256_signed-by_RSA-SHA256,9.616,4349.83,1350.95,1,0,0,138.8,15,1124.37,1109.53,2116,2113
1,2,51,RSA-SHA256_signed-by_RSA-SHA256,RSA-SHA256_signed-by_RSA-SHA256,10.421,4014.18,1246.71,1,4,0.4,149.6,24,1128.7,1112.46,2116,2113
1,8,57,RSA-SHA256_signed-by_RSA-SHA256,RSA-SHA256_signed-by_RSA-SHA256,12.639,3309.7,1403.89,1,7,0.5,148,16,1141.89,1109.75,2116,2113
1,6,60,RSA-SHA256_signed-by_RSA-SHA256,RSA-SHA256_signed-by_RSA-SHA256,11.929,3506.7,1089.09,1,0,0,138.8,9,1127.99,1257.29,2116,2113
1,3,56,RSA-SHA256_signed-by_RSA-SHA256,RSA-SHA256_signed-by_RSA-SHA256,11.908,3512.9,1091.02,0.8,0,0,138.8,24,1112.85,1112.27,2116,2113
1,1,51,RSA-SHA256_signed-by_RSA-SHA256,RSA-SHA256_signed-by_RSA-SHA256,11.949,3500.83,1087.27,0.8,0,0,138.8,24,1121.6,1092.62,2116,2113
1,5,57,RSA-SHA256_signed-by_RSA-SHA256,RSA-SHA256_signed-by_RSA-SHA256,13.232,3161.37,981.843,1,0,0,138.8,15,1110.91,1120.18,2116,2113
1,7,57,RSA-SHA256_signed-by_RSA-SHA256,RSA-SHA256_signed-by_RSA-SHA256,19.265,2171.3,1220.81,1,17,0.85,249.6,16,1133.98,1113.3,2116,2113
1,8,58,RSA-SHA256_signed-by_RSA-SHA256,RSA-SHA256_signed-by_RSA-SHA256,15.894,2631.88,865.716,1,0,0,167.538,16,1133.35,1105.77,2116,2113
1,2,52,RSA-SHA256_signed-by_RSA-SHA256,RSA-SHA256_signed-by_RSA-SHA256,17.849,2343.59,859.629,1,3,0.214286,208.286,24,1125.31,1084.26,2116,2113
1,6,61,RSA-SHA256_signed-by_RSA-SHA256,RSA-SHA256_signed-by_RSA-SHA256,14.87,2813.12,1273.95,1,11,0.846154,165.385,9,1118.53,1093.97,2116,2113
1,3,57,RSA-SHA256_signed-by_RSA-SHA256,RSA-SHA256_signed-by_RSA-SHA256,16.664,2510.26,779.625,1,0,0,138.8,24,1144.15,1116.98,2116,2113
1,7,58,RSA-SHA256_signed-by_RSA-SHA256,RSA-SHA256_signed-by_RSA-SHA256,14.225,2940.7,931.306,1,0,0,129.636,16,1129.24,1103.19,2116,2113
1,1,52,RSA-SHA256_signed-by_RSA-SHA256,RSA-SHA256_signed-by_RSA-SHA256,21.586,1937.86,889.437,1,11,0.785714,156.286,24,1126.68,1117.91,2116,2113
1,5,58,RSA-SHA256_signed-by_RSA-SHA256,RSA-SHA256_signed-by_RSA-SHA256,20.25,2065.72,954.444,1,19,1.26667,148.4,15,1108.3,1096.95,2116,2113
1,8,59,RSA-SHA256_signed-by_RSA-SHA256,RSA-SHA256_signed-by_RSA-SHA256,16.466,2540.46,1150.47,1,11,0.846154,179.231,16,1113.99,1117.07,2116,2113
1,2,53,RSA-SHA256_signed-by_RSA-SHA256,RSA-SHA256_signed-by_RSA-SHA256,17.263,2423.17,1097.35,1,15,1.15385,179.231,24,1143.19,1098.86,2116,2113
1,3,58,RSA-SHA256_signed-by_RSA-SHA256,RSA-SHA256_signed-by_RSA-SHA256,12.241,3417.13,1061.28,1,0,0,138.8,24,1135.12,1106.71,2116,2113
1,7,59,RSA-SHA256_signed-by_RSA-SHA256,RSA-SHA256_signed-by_RSA-SHA256,14.78,2830.24,1294.69,1,12,0.857143,156.286,16,1123.92,1108.14,2116,2113
1,6,62,RSA-SHA256_signed-by_RSA-SHA256,RSA-SHA256_signed-by_RSA-SHA256,23.395,1788.07,1032.01,1,19,1,137.789,9,1130.13,1105.3,2116,2113
1,5,59,RSA-SHA256_signed-by_RSA-SHA256,RSA-SHA256_signed-by_RSA-SHA256,14.354,2914.22,1404.44,0.777778,7,0.388889,171.333,15,1129.71,1102.74,2116,2113
1,8,60,RSA-SHA256_signed-by_RSA-SHA256,RSA-SHA256_signed-by_RSA-SHA256,13.837,3023.12,1355.17,1,2,0.166667,149,16,1110.88,1095.42,2116,2113
1,2,54,RSA-SHA256_signed-by_RSA-SHA256,RSA-SHA256_signed-by_RSA-SHA256,12.559,3330.78,1221.73,1,3,0.214286,206.571,24,1126.83,1082.99,2116,2113
1,3,59,RSA-SHA256_signed-by_RSA-SHA256,RSA-SHA256_signed-by_RSA-SHA256,11.759,3557.39,1104.84,1,4,0.4,138.8,24,1121.01,1105.67,2116,2113
1,1,53,RSA-SHA256_signed-by_RSA-SHA256,RSA-SHA256_signed-by_RSA-SHA256,18.827,2221.83,1205.03,1,19,1,117.579,24,1144.72,1099.36,2116,2113
1,6,63,RSA-SHA256_signed-by_RSA-SHA256,RSA-SHA256_signed-by_RSA-SHA256,14.682,2849.13,919.741,1,0,0,126,9,1618.07,1590.98,2116,2113
1,7,60,RSA-SHA256_signed-by_RSA-SHA256,RSA-SHA256_signed-by_RSA-SHA256,16.596,2520.51,1141.44,1,11,0.846154,165.385,16,1096.09,1088.65,2116,2113
1,5,60,RSA-SHA256_signed-by_RSA-SHA256,RSA-SHA256_signed-by_RSA-SHA256,12.615,3315.97,1486.45,1,2,0.166667,138,15,1127.12,1094.67,2116,2113
1,8,61,RSA-SHA256_signed-by_RSA-SHA256,RSA-SHA256_signed-by_RSA-SHA256,12.613,3316.49,1030.02,1,0,0,149.6,16,1099.42,1101.3,2116,2113
1,3,60,RSA-SHA256_signed-by_RSA-SHA256,RSA-SHA256_signed-by_RSA-SHA256,13.081,3197.84,1536.23,0.333333,10,0.555556,171.333,24,1136.22,1106.76,2116,2113
1,1,54,RSA-SHA256_signed-by_RSA-SHA256,RSA-SHA256_signed-by_RSA-SHA256,12.387,3377.02,1238.69,0.428571,3,0.214286,192.286,24,1137.07,1104.88,2116,2113
1,2,55,RSA-SHA256_signed-by_RSA-SHA256,RSA-SHA256_signed-by_RSA-SHA256,16.31,2564.71,1452.8,1,18,1.05882,149.529,24,1137.92,1106.81,2116,2113
1,7,61,RSA-SHA256_signed-by_RSA-SHA256,RSA-SHA256_signed-by_RSA-SHA256,11.602,3605.56,1119.8,0.8,0,0,138.8,17,1123.36,1107.46,2116,2113
1,6,64,RSA-SHA256_signed-by_RSA-SHA256,RSA-SHA256_signed-by_RSA-SHA256,13.295,3146.37,1154.09,0.571429,7,0.5,118.571,9,1150.4,1093.2,2116,2113
1,8,62,RSA-SHA256_signed-by_RSA-SHA256,RSA-SHA256_signed-by_RSA-SHA256,12.79,3270.63,1035.79,1,0,0,139.455,16,1128.08,1117.15,2116,2113
1,5,61,RSA-SHA256_signed-by_RSA-SHA256,RSA-SHA256_signed-by_RSA-SHA256,15.593,2682.68,849.591,1,0,0,129.636,15,1127.87,1102.74,2116,2113
1,3,61,RSA-SHA256_signed-by_RSA-SHA256,RSA-SHA256_signed-by_RSA-SHA256,14.14,2958.36,918.793,1,0,0,225.2,24,1125.4,1080.68,2116,2113
1,2,56,RSA-SHA256_signed-by_RSA-SHA256,RSA-SHA256_signed-by_RSA-SHA256,12.289,3403.98,1078.03,1,0,0,129.636,24,1122.46,1088.42,2116,2113
1,6,65,RSA-SHA256_signed-by_RSA-SHA256,RSA-SHA256_signed-by_RSA-SHA256,9.703,4310.84,1338.84,0.8,0,0,138.8,9,1095.84,1098.7,2116,2113
1,1,55,RSA-SHA256_signed-by_RSA-SHA256,RSA-SHA256_signed-by_RSA-SHA256,18.916,2211.37,1376.98,1,25,1.19048,134,24,1134.61,1083.91,2116,2113
1,7,62,RSA-SHA256_signed-by_RSA-SHA256,RSA-SHA256_signed-by_RSA-SHA256,12.277,3407.33,882.295,1,0,0,164.857,17,1098.53,1096.64,2116,2113
1,8,63,RSA-SHA256_signed-by_RSA-SHA256,RSA-SHA256_signed-by_RSA-SHA256,11.834,3534.9,1097.85,1,0,0,149.6,16,1599.75,1640.87,2116,2113
1,2,57,RSA-SHA256_signed-by_RSA-SHA256,RSA-SHA256_signed-by_RSA-SHA256,14.847,2817.44,1195.08,1,7,0.5,127.143,24,1130.91,1121.1,2116,2113
1,5,62,RSA-SHA256_signed-by_RSA-SHA256,RSA-SHA256_signed-by_RSA-SHA256,17.303,2417.52,1369.42,1,18,1.05882,149.529,15,1134.46,1092.35,2116,2113
1,6,66,RSA-SHA256_signed-by_RSA-SHA256,RSA-SHA256_signed-by_RSA-SHA256,13.482,3102.74,1509.54,1,14,0.736842,110,9,1101.52,1132.29,2116,2113
1,7,63,RSA-SHA256_signed-by_RSA-SHA256,RSA-SHA256_signed-by_RSA-SHA256,13.795,3032.34,1112.26,1,5,0.357143,118.571,17,1591.38,1579.72,2116,2113
1,1,56,RSA-SHA256_signed-by_RSA-SHA256,RSA-SHA256_signed-by_RSA-SHA256,15.135,2763.84,1030.69,1,11,0.733333,113.2,24,1107.43,1107.83,2116,2113
1,8,64,RSA-SHA256_signed-by_RSA-SHA256,RSA-SHA256_signed-by_RSA-SHA256,16.338,2560.32,795.174,1,0,0,179.6,16,1140.68,1111.3,2116,2113
1,3,62,RSA-SHA256_signed-by_RSA-SHA256,RSA-SHA256_signed-by_RSA-SHA256,26.896,1555.29,932.76,1,23,1.35294,177.765,24,1140.01,1108.21,2116,2113
1,4,0,RSA-SHA256_signed-by_RSA-SHA256,RSA-SHA256_signed-by_RSA-SHA256,1026.68,40.7449,8.86741,1,0,0,163.067,24,1162.67,1168,2116,2113
1,5,63,RSA-SHA256_signed-by_RSA-SHA256,RSA-SHA256_signed-by_RSA-SHA256,19.196,2179.16,676.794,1,0,0,138.8,15,1630.34,1638.41,2116,2113
1,6,67,RSA-SHA256_signed-by_RSA-SHA256,RSA-SHA256_signed-by_RSA-SHA256,20.633,2027.38,642.061,1,0,0,151.818,9,1126.45,1096.34,2116,2113
1,1,57,RSA-SHA256_signed-by_RSA-SHA256,RSA-SHA256_signed-by_RSA-SHA256,18.78,2227.43,837.471,0.875,11,0.6875,185.5,24,1134.98,1107.19,2116,2113
1,8,65,RSA-SHA256_signed-by_RSA-SHA256,RSA-SHA256_signed-by_RSA-SHA256,16.366,2555.98,805.557,1,5,0.454545,139.455,16,1105.32,1105.83,2116,2113
1,7,64,RSA-SHA256_signed-by_RSA-SHA256,RSA-SHA256_signed-by_RSA-SHA256,26.114,1601.88,773.828,1,10,0.526316,214.632,17,1147.21,1108.1,2116,2113
1,4,1,RSA-SHA256_signed-by_RSA-SHA256,RSA-SHA256_signed-by_RSA-SHA256,16.244,2575.14,944.563,1,7,0.5,140.286,24,1136.53,1102.86,2116,2113
1,3,63,RSA-SHA256_signed-by_RSA-SHA256,RSA-SHA256_signed-by_RSA-SHA256,25.493,1640.91,889.963,1,15,0.789474,117.579,24,1599.27,1637.59,2116,2113
1,2,58,RSA-SHA256_signed-by_RSA-SHA256,RSA-SHA256_signed-by_RSA-SHA256,41.103,1017.73,715.074,1,28,1.07692,123.692,24,1138.77,1104.32,2116,2113
1,5,64,RSA-SHA256_signed-by_RSA-SHA256,RSA-SHA256_signed-by_RSA-SHA256,22.368,1870.16,804.718,1,7,0.466667,121.2,15,1122.67,1097.39,2116,2113
1,1,58,RSA-SHA256_signed-by_RSA-SHA256,RSA-SHA256_signed-by_RSA-SHA256,21.413,1953.58,1119.32,1,18,0.818182,227.091,24,1127.43,1118.05,2116,2113
1,6,68,RSA-SHA256_signed-by_RSA-SHA256,RSA-SHA256_signed-by_RSA-SHA256,24.473,1709.3,1446.81,1,19,0.863636,139.636,9,1125.81,1172.55,2116,2113
1,7,65,RSA-SHA256_signed-by_RSA-SHA256,RSA-SHA256_signed-by_RSA-SHA256,18.78,2227.42,702.005,1,7,0.636364,129.636,17,1127.64,1106.79,2116,2113
1,4,2,RSA-SHA256_signed-by_RSA-SHA256,RSA-SHA256_signed-by_RSA-SHA256,21.945,1906.14,600.75,1,5,0.454545,154,24,1131.72,1110.88,2116,2113
1,3,64,RSA-SHA256_signed-by_RSA-SHA256,RSA-SHA256_signed-by_RSA-SHA256,20.58,2032.58,631.27,1,0,0,138.8,24,1138.21,1106.85,2116,2113
1,2,59,RSA-SHA256_signed-by_RSA-SHA256,RSA-SHA256_signed-by_RSA-SHA256,20.542,2036.34,947.1,1,11,0.733333,148.4,24,1132.46,1250.07,2116,2113
1,5,65,RSA-SHA256_signed-by_RSA-SHA256,RSA-SHA256_signed-by_RSA-SHA256,20.391,2051.42,649.675,1,0,0,129.636,15,1223.1,1110.16,2116,2113
1,1,59,RSA-SHA256_signed-by_RSA-SHA256,RSA-SHA256_signed-by_RSA-SHA256,18.171,2302.07,714.966,1,0,0,138.8,24,1129.27,1106.71,2116,2113
1,8,66,RSA-SHA256_signed-by_RSA-SHA256,RSA-SHA256_signed-by_RSA-SHA256,38.629,1082.91,635.787,1,23,1,250.87,16,1128.42,1181.87,2116,2113
1,6,69,RSA-SHA256_signed-by_RSA-SHA256,RSA-SHA256_signed-by_RSA-SHA256,21.607,1935.96,1114.41,1,26,1.36842,161.579,10,1140.91,1097.68,2116,2113
1,7,66,RSA-SHA256_signed-by_RSA-SHA256,RSA-SHA256_signed-by_RSA-SHA256,20.119,2079.15,1048.92,1,11,0.6875,149,17,1122.09,1095.79,2116,2113
1,3,65,RSA-SHA256_signed-by_RSA-SHA256,RSA-SHA256_signed-by_RSA-SHA256,14.852,2816.54,882.289,0.818182,0,0,129.273,24,1105.25,1102.5,2116,2113
1,4,3,RSA-SHA256_signed-by_RSA-SHA256,RSA-SHA256_signed-by_RSA-SHA256,18.421,2270.81,846.829,0.866667,3,0.2,218.533,24,1138.09,1100.25,2116,2113
1,1,60,RSA-SHA256_signed-by_RSA-SHA256,RSA-SHA256_signed-by_RSA-SHA256,11.42,3663.03,1137.65,0.4,0,0,138.8,24,1094.65,1106.06,2116,2113
1,5,66,RSA-SHA256_signed-by_RSA-SHA256,RSA-SHA256_signed-by_RSA-SHA256,12.853,3254.61,1010.8,0.4,0,0,138.8,15,1129.67,1090.67,2116,2113
1,2,60,RSA-SHA256_signed-by_RSA-SHA256,RSA-SHA256_signed-by_RSA-SHA256,14.581,2868.88,1312.36,1,12,0.857143,156.286,24,1136.9,1111.56,2116,2113
1,8,67,RSA-SHA256_signed-by_RSA-SHA256,RSA-SHA256_signed-by_RSA-SHA256,15.17,2757.45,856.397,0.8,0,0,149.6,16,1106.13,1099.94,2116,2113
1,6,70,RSA-SHA256_signed-by_RSA-SHA256,RSA-SHA256_signed-by_RSA-SHA256,14.071,2972.85,1414.51,0.352941,7,0.411765,212.824,10,1119.31,1329.49,2116,2113
1,7,67,RSA-SHA256_signed-by_RSA-SHA256,RSA-SHA256_signed-by_RSA-SHA256,13.935,3001.86,932.304,0.6,0,0,138.8,17,1120.61,1108.19,2116,2113
1,4,4,RSA-SHA256_signed-by_RSA-SHA256,RSA-SHA256_signed-by_RSA-SHA256,11.195,3736.62,1160.5,0.6,0,0,163.2,24,1141.18,1104.96,2116,2113
1,3,66,RSA-SHA256_signed-by_RSA-SHA256,RSA-SHA256_signed-by_RSA-SHA256,13.621,3071.06,795.223,0.857143,0,0,164.857,24,1126.78,1108.43,2116,2113
1,5,67,RSA-SHA256_signed-by_RSA-SHA256,RSA-SHA256_signed-by_RSA-SHA256,14.289,2927.49,977.511,1,1,0.0833333,123.333,15,1135.39,1104.99,2116,2113
1,2,61,RSA-SHA256_signed-by_RSA-SHA256,RSA-SHA256_signed-by_RSA-SHA256,14.994,2789.84,879.262,1,5,0.454545,129.636,24,1131.11,1209.78,2116,2113
1,6,71,RSA-SHA256_signed-by_RSA-SHA256,RSA-SHA256_signed-by_RSA-SHA256,13.569,3082.83,957.452,1,0,0,244.8,10,1118.57,1109.2,2116,2113
1,8,68,RSA-SHA256_signed-by_RSA-SHA256,RSA-SHA256_signed-by_RSA-SHA256,17.785,2352,730.474,1,4,0.4,149.6,16,1132.36,1094.75,2116,2113
1,1,61,RSA-SHA256_signed-by_RSA-SHA256,RSA-SHA256_signed-by_RSA-SHA256,23.559,1775.6,812.248,1,12,0.857143,156.286,24,1134.99,1093.94,2116,2113
1,4,5,RSA-SHA256_signed-by_RSA-SHA256,RSA-SHA256_signed-by_RSA-SHA256,13.928,3003.39,932.779,1,0,0,163.2,24,1129.14,1111.14,2116,2113
1,3,67,RSA-SHA256_signed-by_RSA-SHA256,RSA-SHA256_signed-by_RSA-SHA256,17.83,2346.06,1319.07,1,17,0.85,236,24,1119.01,1103.11,2116,2113
1,5,68,RSA-SHA256_signed-by_RSA-SHA256,RSA-SHA256_signed-by_RSA-SHA256,15.508,2697.35,1515.55,1,10,0.625,137.5,15,1138.93,1085.58,2116,2113
1,7,68,RSA-SHA256_signed-by_RSA-SHA256,RSA-SHA256_signed-by_RSA-SHA256,26.524,1577.11,683.446,1,9,0.5625,125,17,1135,1153.96,2116,2113
1,2,62,RSA-SHA256_signed-by_RSA-SHA256,RSA-SHA256_signed-by_RSA-SHA256,19.597,2134.52,1229.52,1,26,1.13043,218.87,24,1140.12,1095.73,2116,2113
1,6,72,RSA-SHA256_signed-by_RSA-SHA256,RSA-SHA256_signed-by_RSA-SHA256,14.89,2809.37,872.52,1,0,0,163.2,10,1130.92,1082.04,2116,2113
1,1,62,RSA-SHA256_signed-by_RSA-SHA256,RSA-SHA256_signed-by_RSA-SHA256,14.687,2848.18,902.005,0.909091,0,0,129.636,24,1125.05,1100.94,2116,2113
1,8,69,RSA-SHA256_signed-by_RSA-SHA256,RSA-SHA256_signed-by_RSA-SHA256,17.477,2393.48,903.562,0.6875,4,0.25,187.75,16,1123.11,1100.27,2116,2113
1,4,6,RSA-SHA256_signed-by_RSA-SHA256,RSA-SHA256_signed-by_RSA-SHA256,17.067,2450.97,761.213,1,0,0,154.4,24,1130.54,1098.51,2116,2113
1,3,68,RSA-SHA256_signed-by_RSA-SHA256,RSA-SHA256_signed-by_RSA-SHA256,15.035,2782.25,1259.97,0.769231,11,0.846154,292.769,24,1143.87,1109.22,2116,2113
1,5,69,RSA-SHA256_signed-by_RSA-SHA256,RSA-SHA256_signed-by_RSA-SHA256,15.518,2695.63,837.198,0.5,0,0,138.8,15,1133.95,1111.03,2116,2113
1,7,69,RSA-SHA256_signed-by_RSA-SHA256,RSA-SHA256_signed-by_RSA-SHA256,12.904,3241.72,897.688,0.25,1,0.125,151,17,1125.96,1110.95,2116,2113
1,6,73,RSA-SHA256_signed-by_RSA-SHA256,RSA-SHA256_signed-by_RSA-SHA256,13.5,3098.61,976.576,0.727273,7,0.636364,152.909,10,1127.55,1084.04,2116,2113
1,1,63,RSA-SHA256_signed-by_RSA-SHA256,RSA-SHA256_signed-by_RSA-SHA256,17.332,2413.5,749.575,1,0,0,138.8,24,1595.3,1591.34,2116,2113
1,8,70,RSA-SHA256_signed-by_RSA-SHA256,RSA-SHA256_signed-by_RSA-SHA256,15.934,2625.27,815.344,1,0,0,149.6,16,1128.58,1095.3,2116,2113
1,4,7,RSA-SHA256_signed-by_RSA-SHA256,RSA-SHA256_signed-by_RSA-SHA256,15.623,2677.53,831.576,1,0,0,149.6,24,1132.88,1083.83,2116,2113
1,2,63,RSA-SHA256_signed-by_RSA-SHA256,RSA-SHA256_signed-by_RSA-SHA256,25.687,1628.52,597.342,1,7,0.5,206.571,24,1617.18,1625.53,2116,2113
1,3,69,RSA-SHA256_signed-by_RSA-SHA256,RSA-SHA256_signed-by_RSA-SHA256,18.904,2212.81,714.328,1,0,0,122,24,1129,1094.29,2116,2113
1,5,70,RSA-SHA256_signed-by_RSA-SHA256,RSA-SHA256_signed-by_RSA-SHA256,17.815,2348.09,729.259,1,0,0,334.4,15,1118.74,1096.76,2116,2113
1,7,70,RSA-SHA256_signed-by_RSA-SHA256,RSA-SHA256_signed-by_RSA-SHA256,17.133,2441.57,1372.77,1,17,0.85,236,17,1152.08,1105.94,2116,2113
1,6,74,RSA-SHA256_signed-by_RSA-SHA256,RSA-SHA256_signed-by_RSA-SHA256,18.25,2292.12,1156.36,1,15,0.9375,176.5,10,1123.36,1117.35,2116,2113
1,1,64,RSA-SHA256_signed-by_RSA-SHA256,RSA-SHA256_signed-by_RSA-SHA256,14.449,2895.13,899.158,1,0,0,138.8,24,1151.08,1101.06,2116,2113
1,8,71,RSA-SHA256_signed-by_RSA-SHA256,RSA-SHA256_signed-by_RSA-SHA256,16.494,2536.14,1092.25,1,11,0.846154,205.077,17,1123.74,1112.36,2116,2113
1,7,71,RSA-SHA256_signed-by_RSA-SHA256,RSA-SHA256_signed-by_RSA-SHA256,12.614,3316.28,1501.81,1,11,0.846154,210.923,17,1136.41,1116.63,2116,2113
1,1,65,RSA-SHA256_signed-by_RSA-SHA256,RSA-SHA256_signed-by_RSA-SHA256,10.95,3820.17,1233.21,1,0,0,118,24,1127.4,1101.2,2116,2113
1,3,70,RSA-SHA256_signed-by_RSA-SHA256,RSA-SHA256_signed-by_RSA-SHA256,18.704,2236.43,969.161,1,13,0.8125,119,24,1148.81,1093.97,2116,2113
1,8,72,RSA-SHA256_signed-by_RSA-SHA256,RSA-SHA256_signed-by_RSA-SHA256,9.779,4277.72,1623.06,1,6,0.428571,180.857,17,1126.48,1079.63,2116,2113
1,5,71,RSA-SHA256_signed-by_RSA-SHA256,RSA-SHA256_signed-by_RSA-SHA256,22.623,1849.07,1277.27,1,26,1.13043,131.913,15,1134.13,1102.28,2116,2113
1,7,72,RSA-SHA256_signed-by_RSA-SHA256,RSA-SHA256_signed-by_RSA-SHA256,9.883,4232.66,2353.1,0.875,9,0.5625,127.5,17,1097.27,1083.79,2116,2113
1,6,75,RSA-SHA256_signed-by_RSA-SHA256,RSA-SHA256_signed-by_RSA-SHA256,21,1991.97,1889.49,1,31,0.96875,193.75,10,1095.94,1100.17,2116,2113
1,4,8,RSA-SHA256_signed-by_RSA-SHA256,RSA-SHA256_signed-by_RSA-SHA256,33.032,1266.4,698.471,1,17,0.809524,118.571,24,1163.26,1110.07,2116,2113
1,1,66,RSA-SHA256_signed-by_RSA-SHA256,RSA-SHA256_signed-by_RSA-SHA256,10.853,3854.4,1197.08,0.3,0,0,138.8,24,1127.94,1106.11,2116,2113
1,8,73,RSA-SHA256_signed-by_RSA-SHA256,RSA-SHA256_signed-by_RSA-SHA256,12.786,3271.64,1215.05,0.2,4,0.266667,197.733,17,1124.63,1095.71,2116,2113
1,5,72,RSA-SHA256_signed-by_RSA-SHA256,RSA-SHA256_signed-by_RSA-SHA256,10.432,4009.59,1245.28,0.1,0,0,138.8,15,1133.24,1092.98,2116,2113
1,7,73,RSA-SHA256_signed-by_RSA-SHA256,RSA-SHA256_signed-by_RSA-SHA256,9.666,4327.36,1343.97,0.5,0,0,138.8,17,1096.26,1104.41,2116,2113
1,4,9,RSA-SHA256_signed-by_RSA-SHA256,RSA-SHA256_signed-by_RSA-SHA256,9.168,4562.37,1437.9,0.909091,5,0.454545,139.455,24,1122.27,1102.83,2116,2113
1,6,76,RSA-SHA256_signed-by_RSA-SHA256,RSA-SHA256_signed-by_RSA-SHA256,10.342,4044.48,1256.12,1,0,0,149.6,10,1124.28,1106.36,2116,2113
1,1,67,RSA-SHA256_signed-by_RSA-SHA256,RSA-SHA256_signed-by_RSA-SHA256,11.79,3548.05,1101.94,1,0,0,138.8,24,1100.17,1104.47,2116,2113
1,3,71,RSA-SHA256_signed-by_RSA-SHA256,RSA-SHA256_signed-by_RSA-SHA256,23.257,1798.66,681.077,1,5,0.294118,176.588,24,1125.88,1110.28,2116,2113
1,5,73,RSA-SHA256_signed-by_RSA-SHA256,RSA-SHA256_signed-by_RSA-SHA256,12.749,3281.12,1547.38,1,3,0.214286,124.857,15,1115.76,1098.14,2116,2113
1,7,74,RSA-SHA256_signed-by_RSA-SHA256,RSA-SHA256_signed-by_RSA-SHA256,13.118,3188.81,1352.61,1,7,0.5,127.143,17,1126.99,1100.58,2116,2113
1,8,74,RSA-SHA256_signed-by_RSA-SHA256,RSA-SHA256_signed-by_RSA-SHA256,16.294,2567.23,1178.3,1,11,0.785714,169.143,17,1120.48,1092.78,2116,2113
1,6,77,RSA-SHA256_signed-by_RSA-SHA256,RSA-SHA256_signed-by_RSA-SHA256,12.901,3242.48,1007.04,0.9,0,0,165.2,10,1119.67,1093.18,2116,2113
1,1,68,RSA-SHA256_signed-by_RSA-SHA256,RSA-SHA256_signed-by_RSA-SHA256,11.334,3690.81,1163.22,0.818182,7,0.636364,129.636,24,1131.08,1143.03,2116,2113
1,3,72,RSA-SHA256_signed-by_RSA-SHA256,RSA-SHA256_signed-by_RSA-SHA256,13.547,3087.84,1398.36,0.692308,11,0.846154,165.385,24,1096.03,1105.2,2116,2113
1,5,74,RSA-SHA256_signed-by_RSA-SHA256,RSA-SHA256_signed-by_RSA-SHA256,10.321,4052.76,1258.69,0.4,0,0,138.8,15,1129.24,1085.38,2116,2113
1,7,75,RSA-SHA256_signed-by_RSA-SHA256,RSA-SHA256_signed-by_RSA-SHA256,10.116,4134.9,1284.2,0.4,0,0,138.8,17,1101.25,1106.15,2116,2113
1,8,75,RSA-SHA256_signed-by_RSA-SHA256,RSA-SHA256_signed-by_RSA-SHA256,10.376,4031.3,1252.02,0.7,4,0.4,149.6,17,1123.09,1081.17,2116,2113
1,6,78,RSA-SHA256_signed-by_RSA-SHA256,RSA-SHA256_signed-by_RSA-SHA256,12.23,3420.43,1615.69,0.5,3,0.214286,134.571,10,1125.58,1099.09,2116,2113
1,1,69,RSA-SHA256_signed-by_RSA-SHA256,RSA-SHA256_signed-by_RSA-SHA256,13.21,3166.67,1147,0.230769,0,0,204.154,24,1112.77,1103.28,2116,2113
1,3,73,RSA-SHA256_signed-by_RSA-SHA256,RSA-SHA256_signed-by_RSA-SHA256,11.136,3756.15,1166.57,0.9,0,0,138.8,24,1126.18,1086.45,2116,2113
1,5,75,RSA-SHA256_signed-by_RSA-SHA256,RSA-SHA256_signed-by_RSA-SHA256,10.834,3860.84,1416.16,1,7,0.5,118.571,15,1133.61,1107.49,2116,2113
1,7,76,RSA-SHA256_signed-by_RSA-SHA256,RSA-SHA256_signed-by_RSA-SHA256,14.368,2911.4,922.027,1,0,0,129.636,17,1128.54,1098.37,2116,2113
1,4,10,RSA-SHA256_signed-by_RSA-SHA256,RSA-SHA256_signed-by_RSA-SHA256,37.245,1123.15,422.281,1,5,0.3125,202.75,24,1132.1,1091.64,2116,2113
1,6,79,RSA-SHA256_signed-by_RSA-SHA256,RSA-SHA256_signed-by_RSA-SHA256,17.16,2437.69,757.088,1,0,0,149.6,10,1653.21,1595.12,2116,2113
1,8,76,RSA-SHA256_signed-by_RSA-SHA256,RSA-SHA256_signed-by_RSA-SHA256,20.778,2013.2,976.375,1,11,0.578947,178,17,1127.32,1096.81,2116,2113
1,1,70,RSA-SHA256_signed-by_RSA-SHA256,RSA-SHA256_signed-by_RSA-SHA256,15.046,2780.21,863.466,1,0,0,138.8,24,1140.17,1084.04,2116,2113
1,3,74,RSA-SHA256_signed-by_RSA-SHA256,RSA-SHA256_signed-by_RSA-SHA256,14.847,2817.48,892.282,1,0,0,129.636,24,1121.79,1087.27,2116,2113
1,5,76,RSA-SHA256_signed-by_RSA-SHA256,RSA-SHA256_signed-by_RSA-SHA256,17.123,2442.95,1073.61,1,15,0.882353,112.118,15,1144.91,1110.31,2116,2113
1,7,77,RSA-SHA256_signed-by_RSA-SHA256,RSA-SHA256_signed-by_RSA-SHA256,13.824,3026,1384.24,1,16,1.14286,255.714,17,1130.3,1109.81,2116,2113
1,6,80,RSA-SHA256_signed-by_RSA-SHA256,RSA-SHA256_signed-by_RSA-SHA256,11.633,3595.93,1138.81,1,0,0,139.455,10,1124.56,1092.78,2116,2113
1,4,11,RSA-SHA256_signed-by_RSA-SHA256,RSA-SHA256_signed-by_RSA-SHA256,18.346,2280.08,981.102,1,7,0.466667,130,24,1126.44,1098.86,2116,2113
1,8,77,RSA-SHA256_signed-by_RSA-SHA256,RSA-SHA256_signed-by_RSA-SHA256,13.38,3126.38,985.328,1,7,0.636364,139.455,17,1128.6,1087.75,2116,2113
1,3,75,RSA-SHA256_signed-by_RSA-SHA256,RSA-SHA256_signed-by_RSA-SHA256,15.901,2630.69,817.028,1,0,0,138.8,24,1133.41,1108.67,2116,2113
1,1,71,RSA-SHA256_signed-by_RSA-SHA256,RSA-SHA256_signed-by_RSA-SHA256,19.523,2142.7,1165.39,1,14,0.736842,117.579,24,1119.54,1125.91,2116,2113
1,7,78,RSA-SHA256_signed-by_RSA-SHA256,RSA-SHA256_signed-by_RSA-SHA256,15.473,2703.44,1176.71,0.9,10,0.5,152,17,1202.03,1095.07,2116,2113
1,5,77,RSA-SHA256_signed-by_RSA-SHA256,RSA-SHA256_signed-by_RSA-SHA256,18.957,2206.58,1501.43,1,25,1,270.8,15,1126.16,1106.79,2116,2113
1,4,12,RSA-SHA256_signed-by_RSA-SHA256,RSA-SHA256_signed-by_RSA-SHA256,12.563,3329.71,862.197,0.571429,0,0,178.571,24,1124.17,1092.23,2116,2113
1,6,81,RSA-SHA256_signed-by_RSA-SHA256,RSA-SHA256_signed-by_RSA-SHA256,14.407,2903.5,1314.88,1,11,0.846154,179.231,10,1120.43,1086.39,2116,2113
1,8,78,RSA-SHA256_signed-by_RSA-SHA256,RSA-SHA256_signed-by_RSA-SHA256,14.928,2802.2,1027.85,0.5,7,0.5,209.143,17,1137.39,1116.58,2116,2113
1,3,76,RSA-SHA256_signed-by_RSA-SHA256,RSA-SHA256_signed-by_RSA-SHA256,17.966,2328.32,1001.86,1,7,0.466667,185.2,24,1099.35,1102.16,2116,2113
1,1,72,RSA-SHA256_signed-by_RSA-SHA256,RSA-SHA256_signed-by_RSA-SHA256,16.944,2468.78,781.852,1,0,0,129.636,24,1097.27,1221.71,2116,2113
1,6,82,RSA-SHA256_signed-by_RSA-SHA256,RSA-SHA256_signed-by_RSA-SHA256,12.368,3382.01,1050.37,1,0,0,149.6,10,1117.31,1115.97,2116,2113
1,4,13,RSA-SHA256_signed-by_RSA-SHA256,RSA-SHA256_signed-by_RSA-SHA256,14.558,2873.44,1040.79,1,4,0.307692,206.923,24,1096.9,1101.26,2116,2113
1,5,78,RSA-SHA256_signed-by_RSA-SHA256,RSA-SHA256_signed-by_RSA-SHA256,15.86,2637.54,1118.77,1,7,0.5,127.143,15,1143.88,1107.46,2116,2113
1,8,79,RSA-SHA256_signed-by_RSA-SHA256,RSA-SHA256_signed-by_RSA-SHA256,14.01,2985.83,1095.2,1,7,0.5,347.143,17,1601.3,1586.92,2116,2113
1,7,79,RSA-SHA256_signed-by_RSA-SHA256,RSA-SHA256_signed-by_RSA-SHA256,21.103,1982.22,840.806,1,7,0.5,127.143,17,1600.05,1587.61,2116,2113
1,3,77,RSA-SHA256_signed-by_RSA-SHA256,RSA-SHA256_signed-by_RSA-SHA256,13.365,3129.93,972.081,1,0,0,138.8,24,1130.77,1107.07,2116,2113
1,1,73,RSA-SHA256_signed-by_RSA-SHA256,RSA-SHA256_signed-by_RSA-SHA256,13.231,3161.63,1001.27,1,4,0.363636,129.636,24,1125.21,1108.7,2116,2113
1,4,14,RSA-SHA256_signed-by_RSA-SHA256,RSA-SHA256_signed-by_RSA-SHA256,13.968,2994.78,1124.83,1,3,0.1875,187.5,24,1125.1,1109.24,2116,2113
1,6,83,RSA-SHA256_signed-by_RSA-SHA256,RSA-SHA256_signed-by_RSA-SHA256,17.844,2344.26,728.069,1,0,0,344,10,1123.8,1099.34,2116,2113
1,5,79,RSA-SHA256_signed-by_RSA-SHA256,RSA-SHA256_signed-by_RSA-SHA256,18.896,2213.74,1008.44,1,11,0.785714,156,15,1599.34,1559.78,2116,2113
1,7,80,RSA-SHA256_signed-by_RSA-SHA256,RSA-SHA256_signed-by_RSA-SHA256,16.409,2549.27,791.742,0.8,0,0,138.8,17,1134.11,1102.26,2116,2113
1,3,78,RSA-SHA256_signed-by_RSA-SHA256,RSA-SHA256_signed-by_RSA-SHA256,13.685,3056.75,949.351,0.5,0,0,138.8,24,1127.11,1100.38,2116,2113
1,4,15,RSA-SHA256_signed-by_RSA-SHA256,RSA-SHA256_signed-by_RSA-SHA256,10.82,3865.9,1200.66,1,0,0,148.4,24,1615.14,1567.9,2116,2113
1,1,74,RSA-SHA256_signed-by_RSA-SHA256,RSA-SHA256_signed-by_RSA-SHA256,14.356,2913.87,1095.56,0.875,9,0.5625,173,24,1128.76,1092.3,2116,2113
1,6,84,RSA-SHA256_signed-by_RSA-SHA256,RSA-SHA256_signed-by_RSA-SHA256,10.238,4085.6,1409.53,1,3,0.25,134.333,10,1126.91,1193.84,2116,2113
1,8,80,RSA-SHA256_signed-by_RSA-SHA256,RSA-SHA256_signed-by_RSA-SHA256,25.689,1628.38,1105.52,1,26,1.04,215.44,17,1122.29,1118.99,2116,2113
1,7,81,RSA-SHA256_signed-by_RSA-SHA256,RSA-SHA256_signed-by_RSA-SHA256,12.439,3362.91,1085.6,1,0,0,122,17,1131.02,1092.49,2116,2113
1,3,79,RSA-SHA256_signed-by_RSA-SHA256,RSA-SHA256_signed-by_RSA-SHA256,13.596,3076.72,1426.27,1,16,1.06667,145.2,24,1608.06,1594.07,2116,2113
1,8,81,RSA-SHA256_signed-by_RSA-SHA256,RSA-SHA256_signed-by_RSA-SHA256,9.334,4481.66,1419.32,1,3,0.272727,135.091,17,1131.68,1110.5,2116,2113
1,5,80,RSA-SHA256_signed-by_RSA-SHA256,RSA-SHA256_signed-by_RSA-SHA256,19.388,2157.62,1358.36,1,20,1,126.4,15,1235.81,1104.4,2116,2113
1,6,85,RSA-SHA256_signed-by_RSA-SHA256,RSA-SHA256_signed-by_RSA-SHA256,13.793,3032.74,1046.29,1,5,0.416667,166.667,10,1134.95,1091.87,2116,2113
1,7,82,RSA-SHA256_signed-by_RSA-SHA256,RSA-SHA256_signed-by_RSA-SHA256,13.143,3182.77,1027.44,1,0,0,122,17,1130.24,1098.77,2116,2113
1,4,16,RSA-SHA256_signed-by_RSA-SHA256,RSA-SHA256_signed-by_RSA-SHA256,21.506,1945.12,1101.83,1,18,1.05882,149.529,24,1130.29,1099.37,2116,2113
1,3,80,RSA-SHA256_signed-by_RSA-SHA256,RSA-SHA256_signed-by_RSA-SHA256,12.495,3347.87,1155.01,1,0,0,184,24,1124.18,1103.72,2116,2113
1,1,75,RSA-SHA256_signed-by_RSA-SHA256,RSA-SHA256_signed-by_RSA-SHA256,24.761,1689.41,955.039,1,21,1,266.19,24,1127.29,1094.17,2116,2113
1,5,81,RSA-SHA256_signed-by_RSA-SHA256,RSA-SHA256_signed-by_RSA-SHA256,15.511,2696.86,989.209,1,3,0.214286,192.286,15,1121.02,1105.08,2116,2113
1,6,86,RSA-SHA256_signed-by_RSA-SHA256,RSA-SHA256_signed-by_RSA-SHA256,15.321,2730.31,1001.48,1,3,0.214286,209.143,10,1130.85,1081.59,2116,2113
1,8,82,RSA-SHA256_signed-by_RSA-SHA256,RSA-SHA256_signed-by_RSA-SHA256,18.378,2276.13,1208.36,1,18,0.947368,213.789,17,1122.39,1091.8,2116,2113
1,7,83,RSA-SHA256_signed-by_RSA-SHA256,RSA-SHA256_signed-by_RSA-SHA256,13.667,3060.74,988.054,1,4,0.333333,123,17,1099.2,1111.29,2116,2113
1,4,17,RSA-SHA256_signed-by_RSA-SHA256,RSA-SHA256_signed-by_RSA-SHA256,14.977,2793,1264.84,1,11,0.846154,165.385,24,1138.48,1106.47,2116,2113
1,1,76,RSA-SHA256_signed-by_RSA-SHA256,RSA-SHA256_signed-by_RSA-SHA256,13.391,3123.81,970.18,1,0,0,138.8,24,1095.14,1114.85,2116,2113
1,3,81,RSA-SHA256_signed-by_RSA-SHA256,RSA-SHA256_signed-by_RSA-SHA256,15.734,2658.61,1232.45,1,18,1.2,148.4,24,1098.13,1096.43,2116,2113
1,8,83,RSA-SHA256_signed-by_RSA-SHA256,RSA-SHA256_signed-by_RSA-SHA256,10.515,3978.29,1235.56,1,0,0,149.6,17,1106.08,1099.03,2116,2113
1,5,82,RSA-SHA256_signed-by_RSA-SHA256,RSA-SHA256_signed-by_RSA-SHA256,13.067,3201.3,1357.9,1,7,0.5,127.143,15,1119.66,1112.63,2116,2113
1,6,87,RSA-SHA256_signed-by_RSA-SHA256,RSA-SHA256_signed-by_RSA-SHA256,13.962,2996.06,1289.18,1,11,0.733333,130,10,1132.08,1108.78,2116,2113
1,7,84,RSA-SHA256_signed-by_RSA-SHA256,RSA-SHA256_signed-by_RSA-SHA256,11.494,3639.43,1334.95,1,7,0.5,276.571,17,1135.33,1200.98,2116,2113
1,3,82,RSA-SHA256_signed-by_RSA-SHA256,RSA-SHA256_signed-by_RSA-SHA256,11.513,3633.35,1354.95,1,7,0.466667,182,24,1127.59,1122.52,2116,2113
1,1,77,RSA-SHA256_signed-by_RSA-SHA256,RSA-SHA256_signed-by_RSA-SHA256,16.749,2497.45,1369.8,1,15,0.75,113.6,24,1104.13,1098.69,2116,2113
1,4,18,RSA-SHA256_signed-by_RSA-SHA256,RSA-SHA256_signed-by_RSA-SHA256,20.424,2048.16,1240.88,1,23,1.27778,170,24,1123.95,1086.19,2116,2113
1,8,84,RSA-SHA256_signed-by_RSA-SHA256,RSA-SHA256_signed-by_RSA-SHA256,17.032,2455.97,1473.86,1,21,0.913043,114.174,17,1139.84,1113.94,2116,2113
1,6,88,RSA-SHA256_signed-by_RSA-SHA256,RSA-SHA256_signed-by_RSA-SHA256,16.189,2583.85,992.23,1,4,0.266667,199.067,10,1134.68,1100.06,2116,2113
1,7,85,RSA-SHA256_signed-by_RSA-SHA256,RSA-SHA256_signed-by_RSA-SHA256,17.752,2356.34,1221.21,1,22,1.15789,302.211,17,1133.93,1112.44,2116,2113
1,1,78,RSA-SHA256_signed-by_RSA-SHA256,RSA-SHA256_signed-by_RSA-SHA256,12.254,3413.48,1252.07,0.428571,7,0.5,118.571,24,1129.2,1104.04,2116,2113
1,3,83,RSA-SHA256_signed-by_RSA-SHA256,RSA-SHA256_signed-by_RSA-SHA256,17.614,2374.86,874.735,1,0,0,192.286,24,1131.38,1099.4,2116,2113
1,4,19,RSA-SHA256_signed-by_RSA-SHA256,RSA-SHA256_signed-by_RSA-SHA256,14.152,2955.88,949.679,1,5,0.416667,122,24,1121.25,1091.28,2116,2113
1,8,85,RSA-SHA256_signed-by_RSA-SHA256,RSA-SHA256_signed-by_RSA-SHA256,14.751,2835.82,880.737,1,0,0,149.6,17,1102.35,1100.94,2116,2113
1,6,89,RSA-SHA256_signed-by_RSA-SHA256,RSA-SHA256_signed-by_RSA-SHA256,15.06,2777.63,862.663,1,4,0.4,149.6,10,1122.88,1108.2,2116,2113
1,5,83,RSA-SHA256_signed-by_RSA-SHA256,RSA-SHA256_signed-by_RSA-SHA256,36.223,1154.83,549.036,1,14,0.777778,153.778,15,1131.69,1109.11,2116,2113
1,7,86,RSA-SHA256_signed-by_RSA-SHA256,RSA-SHA256_signed-by_RSA-SHA256,16.88,2478.15,1036.95,1,7,0.411765,172.118,17,1126.68,1121.03,2116,2113
1,1,79,RSA-SHA256_signed-by_RSA-SHA256,RSA-SHA256_signed-by_RSA-SHA256,15.906,2629.88,1207.06,1,11,0.785714,156.286,24,1600.95,1595.03,2116,2113
1,3,84,RSA-SHA256_signed-by_RSA-SHA256,RSA-SHA256_signed-by_RSA-SHA256,15.444,2708.57,841.215,1,0,0,138.8,24,1131.96,1196.72,2116,2113
1,4,20,RSA-SHA256_signed-by_RSA-SHA256,RSA-SHA256_signed-by_RSA-SHA256,14.752,2835.63,1040.11,0.642857,3,0.214286,192.286,24,1124.89,1096.46,2116,2113
1,8,86,RSA-SHA256_signed-by_RSA-SHA256,RSA-SHA256_signed-by_RSA-SHA256,16.026,2610.2,810.664,1,0,0,398.4,17,1131.57,1115.9,2116,2113
1,6,90,RSA-SHA256_signed-by_RSA-SHA256,RSA-SHA256_signed-by_RSA-SHA256,14.516,2881.77,1057.04,0.642857,3,0.214286,209.143,10,1109.21,1099.88,2116,2113
1,7,87,RSA-SHA256_signed-by_RSA-SHA256,RSA-SHA256_signed-by_RSA-SHA256,12.953,3229.46,1042.52,0.75,0,0,122,17,1126.81,1126.65,2116,2113
1,5,84,RSA-SHA256_signed-by_RSA-SHA256,RSA-SHA256_signed-by_RSA-SHA256,15.796,2648.2,1123.3,0.642857,7,0.5,132.286,15,1131.69,1086.04,2116,2113
1,1,80,RSA-SHA256_signed-by_RSA-SHA256,RSA-SHA256_signed-by_RSA-SHA256,12.27,3409.25,1058.83,0.9,0,0,138.8,24,1126.97,1102.44,2116,2113
1,3,85,RSA-SHA256_signed-by_RSA-SHA256,RSA-SHA256_signed-by_RSA-SHA256,12.451,3359.69,1043.44,1,0,0,138.8,24,1123.92,1095.2,2116,2113
1,4,21,RSA-SHA256_signed-by_RSA-SHA256,RSA-SHA256_signed-by_RSA-SHA256,16.074,2602.38,1399.48,0.777778,14,0.777778,122,24,1110.87,1109.05,2116,2113
1,6,91,RSA-SHA256_signed-by_RSA-SHA256,RSA-SHA256_signed-by_RSA-SHA256,13.768,3038.26,1380.55,1,2,0.153846,140.462,10,1130.96,1141.87,2116,2113
1,8,87,RSA-SHA256_signed-by_RSA-SHA256,RSA-SHA256_signed-by_RSA-SHA256,15.14,2762.93,1344.21,0.894737,14,0.736842,117.579,17,1126.6,1107.95,2116,2113
1,7,88,RSA-SHA256_signed-by_RSA-SHA256,RSA-SHA256_signed-by_RSA-SHA256,12.131,3448.33,1070.97,1,4,0.4,138.8,17,1135.58,1113.61,2116,2113
1,5,85,RSA-SHA256_signed-by_RSA-SHA256,RSA-SHA256_signed-by_RSA-SHA256,13.034,3209.39,996.759,1,4,0.4,138.8,15,1139.81,1107.07,2116,2113
1,3,86,RSA-SHA256_signed-by_RSA-SHA256,RSA-SHA256_signed-by_RSA-SHA256,11.486,3641.98,1131.11,1,0,0,138.8,24,1135.48,1092.7,2116,2113
1,1,81,RSA-SHA256_signed-by_RSA-SHA256,RSA-SHA256_signed-by_RSA-SHA256,13.633,3068.38,1389.54,1,11,0.846154,165.385,24,1128.35,1093.4,2116,2113
1,6,92,RSA-SHA256_signed-by_RSA-SHA256,RSA-SHA256_signed-by_RSA-SHA256,11.062,3781.56,1174.46,1,0,0,149.6,10,1119.27,1103.68,2116,2113
1,4,22,RSA-SHA256_signed-by_RSA-SHA256,RSA-SHA256_signed-by_RSA-SHA256,15.17,2757.46,1169.64,1,7,0.5,132.286,24,1127.03,1092.44,2116,2113
1,8,88,RSA-SHA256_signed-by_RSA-SHA256,RSA-SHA256_signed-by_RSA-SHA256,13.469,3105.7,983.562,1,0,0,139.455,17,1111.42,1115.51,2116,2113
1,7,89,RSA-SHA256_signed-by_RSA-SHA256,RSA-SHA256_signed-by_RSA-SHA256,14.767,2832.7,1082.37,1,9,0.529412,165.059,17,1138.15,1101.9,2116,2113
1,5,86,RSA-SHA256_signed-by_RSA-SHA256,RSA-SHA256_signed-by_RSA-SHA256,13.565,3083.73,1131.11,1,3,0.214286,192.286,15,1134.82,1123.12,2116,2113
1,6,93,RSA-SHA256_signed-by_RSA-SHA256,RSA-SHA256_signed-by_RSA-SHA256,10.693,3912.07,1225.47,1,0,0,139.091,10,1122.2,1128.74,2116,2113
1,1,82,RSA-SHA256_signed-by_RSA-SHA256,RSA-SHA256_signed-by_RSA-SHA256,17.153,2438.65,1658.41,1,29,1.38095,154.571,24,1097.42,1101.78,2116,2113
1,8,89,RSA-SHA256_signed-by_RSA-SHA256,RSA-SHA256_signed-by_RSA-SHA256,11.81,3542.05,1121.75,1,4,0.363636,139.455,17,1132.03,1102.53,2116,2113
1,3,87,RSA-SHA256_signed-by_RSA-SHA256,RSA-SHA256_signed-by_RSA-SHA256,22.926,1824.63,1555.59,1,39,1.3,122.667,24,1134.54,1096.28,2116,2113
1,7,90,RSA-SHA256_signed-by_RSA-SHA256,RSA-SHA256_signed-by_RSA-SHA256,14.61,2863.16,1050.21,1,3,0.214286,192.286,17,1133.35,1111.09,2116,2113
1,6,94,RSA-SHA256_signed-by_RSA-SHA256,RSA-SHA256_signed-by_RSA-SHA256,9.543,4383.09,1399.84,1,0,0,130.667,10,1123.36,1105.85,2116,2113
1,4,23,RSA-SHA256_signed-by_RSA-SHA256,RSA-SHA256_signed-by_RSA-SHA256,21.409,1953.93,1124.75,1,20,1.05263,137.789,24,1127.68,1138.24,2116,2113
1,8,90,RSA-SHA256_signed-by_RSA-SHA256,RSA-SHA256_signed-by_RSA-SHA256,13.077,3198.77,1097.45,1,5,0.357143,201.143,17,1130.81,1113.55,2116,2113
1,7,91,RSA-SHA256_signed-by_RSA-SHA256,RSA-SHA256_signed-by_RSA-SHA256,8.955,4671.32,1450.8,1,4,0.4,140,18,1296.08,1094.04,2116,2113
1,1,83,RSA-SHA256_signed-by_RSA-SHA256,RSA-SHA256_signed-by_RSA-SHA256,17.735,2358.59,1143.89,1,11,0.578947,226.421,24,1127.32,1081.98,2116,2113
1,5,87,RSA-SHA256_signed-by_RSA-SHA256,RSA-SHA256_signed-by_RSA-SHA256,23.986,1743.98,755.757,1,9,0.5625,117.5,15,1100.74,1081.97,2116,2113
1,3,88,RSA-SHA256_signed-by_RSA-SHA256,RSA-SHA256_signed-by_RSA-SHA256,14.952,2797.64,1186.68,1,7,0.5,127.143,24,1148.11,1102.68,2116,2113
1,6,95,RSA-SHA256_signed-by_RSA-SHA256,RSA-SHA256_signed-by_RSA-SHA256,14.839,2818.96,1225.91,1,8,0.5,124.25,10,1600.38,1617.21,2116,2113
1,5,88,RSA-SHA256_signed-by_RSA-SHA256,RSA-SHA256_signed-by_RSA-SHA256,9.377,4460.69,1385.38,0.6,0,0,138.8,15,1124.6,1101.91,2116,2113
1,1,84,RSA-SHA256_signed-by_RSA-SHA256,RSA-SHA256_signed-by_RSA-SHA256,11.101,3768.31,1170.34,0.7,4,0.4,138.8,24,1131.18,1100.64,2116,2113
1,8,91,RSA-SHA256_signed-by_RSA-SHA256,RSA-SHA256_signed-by_RSA-SHA256,13.048,3205.98,1782.94,1,17,0.894737,269.368,17,1137.78,1091.48,2116,2113
1,3,89,RSA-SHA256_signed-by_RSA-SHA256,RSA-SHA256_signed-by_RSA-SHA256,13.67,3060.08,969.112,0.909091,0,0,129.636,24,1100.3,1096.95,2116,2113
1,7,92,RSA-SHA256_signed-by_RSA-SHA256,RSA-SHA256_signed-by_RSA-SHA256,17.86,2342.15,859.101,0.857143,3,0.214286,276.571,18,1183.75,1086.58,2116,2113
1,6,96,RSA-SHA256_signed-by_RSA-SHA256,RSA-SHA256_signed-by_RSA-SHA256,15.025,2784.1,1180.94,0.785714,7,0.5,136.571,10,1139.01,1116.66,2116,2113
1,4,24,RSA-SHA256_signed-by_RSA-SHA256,RSA-SHA256_signed-by_RSA-SHA256,30.244,1383.12,829.502,1,23,1.35294,182.941,24,1127.07,1099.71,2116,2113
1,8,92,RSA-SHA256_signed-by_RSA-SHA256,RSA-SHA256_signed-by_RSA-SHA256,13.545,3088.16,978.005,0.363636,0,0,139.455,17,1124.87,1084.69,2116,2113
1,1,85,RSA-SHA256_signed-by_RSA-SHA256,RSA-SHA256_signed-by_RSA-SHA256,15.424,2712.12,1023.85,0.625,4,0.25,173,24,1129.87,1118.96,2116,2113
1,5,89,RSA-SHA256_signed-by_RSA-SHA256,RSA-SHA256_signed-by_RSA-SHA256,17.228,2428.12,1041.09,0.666667,8,0.533333,121.2,15,1132.24,1101.26,2116,2113
1,3,90,RSA-SHA256_signed-by_RSA-SHA256,RSA-SHA256_signed-by_RSA-SHA256,15.748,2656.32,824.987,1,0,0,138.8,24,1119.71,1105.05,2116,2113
1,7,93,RSA-SHA256_signed-by_RSA-SHA256,RSA-SHA256_signed-by_RSA-SHA256,15.63,2676.36,838.378,1,0,0,129.273,18,1129.39,1091.41,2116,2113
1,6,97,RSA-SHA256_signed-by_RSA-SHA256,RSA-SHA256_signed-by_RSA-SHA256,14.825,2821.68,893.614,1,0,0,139.455,10,1129.32,1102.78,2116,2113
1,1,86,RSA-SHA256_signed-by_RSA-SHA256,RSA-SHA256_signed-by_RSA-SHA256,10.246,4082.39,1267.89,0.8,0,0,138.8,24,1131.44,1100.88,2116,2113
1,8,93,RSA-SHA256_signed-by_RSA-SHA256,RSA-SHA256_signed-by_RSA-SHA256,11.91,3512.32,1090.84,1,0,0,149.6,17,1121.98,1082.95,2116,2113
1,5,90,RSA-SHA256_signed-by_RSA-SHA256,RSA-SHA256_signed-by_RSA-SHA256,12.138,3446.32,1256.2,1,3,0.230769,119.231,15,1136.11,1109.52,2116,2113
1,6,98,RSA-SHA256_signed-by_RSA-SHA256,RSA-SHA256_signed-by_RSA-SHA256,11.531,3627.72,1148.88,1,0,0,139.455,10,1131.6,1100.3,2116,2113
1,7,94,RSA-SHA256_signed-by_RSA-SHA256,RSA-SHA256_signed-by_RSA-SHA256,15.368,2721.92,1154.56,1,7,0.5,127.143,18,1121.87,1105.52,2116,2113
1,3,91,RSA-SHA256_signed-by_RSA-SHA256,RSA-SHA256_signed-by_RSA-SHA256,17.407,2403.07,1045.05,0.9375,8,0.5,116,24,1127.45,1089.44,2116,2113
1,8,94,RSA-SHA256_signed-by_RSA-SHA256,RSA-SHA256_signed-by_RSA-SHA256,13.212,3166.15,1433.82,1,11,0.846154,179.231,17,1129.02,1104.73,2116,2113
1,1,87,RSA-SHA256_signed-by_RSA-SHA256,RSA-SHA256_signed-by_RSA-SHA256,15.006,2787.62,882.826,1,0,0,129.636,24,1134.18,1087.63,2116,2113
1,4,25,RSA-SHA256_signed-by_RSA-SHA256,RSA-SHA256_signed-by_RSA-SHA256,30.189,1385.64,1167.02,1,39,1.39286,150.571,24,1130.62,1104.01,2116,2113
1,5,91,RSA-SHA256_signed-by_RSA-SHA256,RSA-SHA256_signed-by_RSA-SHA256,16.557,2526.47,784.66,1,0,0,189.2,15,1129.82,1090.99,2116,2113
1,6,99,RSA-SHA256_signed-by_RSA-SHA256,RSA-SHA256_signed-by_RSA-SHA256,12.473,3353.8,1099.33,1,1,0.0909091,141.273,10,1106.32,1116.48,2116,2113
1,7,95,RSA-SHA256_signed-by_RSA-SHA256,RSA-SHA256_signed-by_RSA-SHA256,13.075,3199.37,993.647,1,0,0,138.8,18,1623.33,1572.21,2116,2113
1,3,92,RSA-SHA256_signed-by_RSA-SHA256,RSA-SHA256_signed-by_RSA-SHA256,15.768,2652.9,1217.62,1,11,0.785714,156.286,24,1133.83,1104.6,2116,2113
1,8,95,RSA-SHA256_signed-by_RSA-SHA256,RSA-SHA256_signed-by_RSA-SHA256,15.686,2666.77,1131.17,1,7,0.5,136.571,17,1566.52,1559.17,2116,2113
1,1,88,RSA-SHA256_signed-by_RSA-SHA256,RSA-SHA256_signed-by_RSA-SHA256,17.287,2419.76,1327.19,1,15,0.75,114.8,24,1119.31,1151.88,2116,2113
1,5,92,RSA-SHA256_signed-by_RSA-SHA256,RSA-SHA256_signed-by_RSA-SHA256,14.552,2874.58,1319.37,1,11,0.785714,156.286,15,1127.97,1092.71,2116,2113
1,7,96,RSA-SHA256_signed-by_RSA-SHA256,RSA-SHA256_signed-by_RSA-SHA256,11.587,3610.23,1121.25,1,0,0,138.8,18,1136.7,1105.78,2116,2113
1,3,93,RSA-SHA256_signed-by_RSA-SHA256,RSA-SHA256_signed-by_RSA-SHA256,12.639,3309.7,1519.08,1,11,0.785714,156.286,24,1122.92,1104.88,2116,2113
1,8,96,RSA-SHA256_signed-by_RSA-SHA256,RSA-SHA256_signed-by_RSA-SHA256,12.34,3389.89,1564.96,1,11,0.733333,156.933,17,1118.73,1123.51,2116,2113
1,5,93,RSA-SHA256_signed-by_RSA-SHA256,RSA-SHA256_signed-by_RSA-SHA256,8.91,4694.5,1458,1,4,0.4,138.8,15,1136.53,1093.29,2116,2113
1,1,89,RSA-SHA256_signed-by_RSA-SHA256,RSA-SHA256_signed-by_RSA-SHA256,15.686,2666.73,1737.02,1,21,0.954545,120.909,24,1127.16,1103.64,2116,2113
1,4,26,RSA-SHA256_signed-by_RSA-SHA256,RSA-SHA256_signed-by_RSA-SHA256,33.882,1234.62,688.5,1,17,0.772727,110,24,1128.44,1109.2,2116,2113
1,7,97,RSA-SHA256_signed-by_RSA-SHA256,RSA-SHA256_signed-by_RSA-SHA256,16.175,2586.11,1186.97,1,11,0.785714,156.286,18,1110.28,1100.71,2116,2113
1,3,94,RSA-SHA256_signed-by_RSA-SHA256,RSA-SHA256_signed-by_RSA-SHA256,12.323,3394.57,1069.85,1,5,0.454545,129.636,24,1127.49,1090.81,2116,2113
1,5,94,RSA-SHA256_signed-by_RSA-SHA256,RSA-SHA256_signed-by_RSA-SHA256,11.267,3712.76,1361.84,1,7,0.5,192.286,15,1134.69,1110.71,2116,2113
1,8,97,RSA-SHA256_signed-by_RSA-SHA256,RSA-SHA256_signed-by_RSA-SHA256,13.779,3035.87,1719.69,1,18,1.05882,161.529,17,1128.16,1098.77,2116,2113
1,5,95,RSA-SHA256_signed-by_RSA-SHA256,RSA-SHA256_signed-by_RSA-SHA256,8.354,5006.93,1836.55,1,3,0.214286,192.286,15,1579.91,1587,2116,2113
1,7,98,RSA-SHA256_signed-by_RSA-SHA256,RSA-SHA256_signed-by_RSA-SHA256,10.487,3988.93,1806.42,1,15,1.15385,165.385,18,1161.83,1106.84,2116,2113
1,1,90,RSA-SHA256_signed-by_RSA-SHA256,RSA-SHA256_signed-by_RSA-SHA256,15.408,2714.88,1168.19,1,11,0.733333,123.6,24,1127.42,1090.08,2116,2113
1,8,98,RSA-SHA256_signed-by_RSA-SHA256,RSA-SHA256_signed-by_RSA-SHA256,8.811,4747.18,1474.36,1,0,0,149.6,17,1129.06,1086.59,2116,2113
1,4,27,RSA-SHA256_signed-by_RSA-SHA256,RSA-SHA256_signed-by_RSA-SHA256,14.803,2825.83,2020.07,1,29,1.38095,164.476,24,1158.01,1108.45,2116,2113
1,8,99,RSA-SHA256_signed-by_RSA-SHA256,RSA-SHA256_signed-by_RSA-SHA256,7.086,5902.86,1833.28,0,0,0,149.6,17,1142.03,1100.35,2116,2113
1,5,96,RSA-SHA256_signed-by_RSA-SHA256,RSA-SHA256_signed-by_RSA-SHA256,10.438,4007.65,1814.9,0.461538,11,0.846154,165.385,15,1123.82,1085.59,2116,2113
1,1,91,RSA-SHA256_signed-by_RSA-SHA256,RSA-SHA256_signed-by_RSA-SHA256,10.59,3949.77,1448.78,0.285714,3,0.214286,276.571,24,1144.47,1098.4,2116,2113
1,4,28,RSA-SHA256_signed-by_RSA-SHA256,RSA-SHA256_signed-by_RSA-SHA256,8.345,5012.39,1602.74,1,6,0.5,122,24,1130.62,1091.87,2116,2113
1,7,99,RSA-SHA256_signed-by_RSA-SHA256,RSA-SHA256_signed-by_RSA-SHA256,16.981,2463.38,945.026,1,8,0.470588,167.176,18,1145.71,1108.68,2116,2113
1,5,97,RSA-SHA256_signed-by_RSA-SHA256,RSA-SHA256_signed-by_RSA-SHA256,10.057,4159.08,1291.71,1,0,0,138.8,15,1130.31,1115.91,2116,2113
1,1,92,RSA-SHA256_signed-by_RSA-SHA256,RSA-SHA256_signed-by_RSA-SHA256,12.878,3248.26,1933.18,1,22,1.375,209,24,1138.1,1100.87,2116,2113
1,4,29,RSA-SHA256_signed-by_RSA-SHA256,RSA-SHA256_signed-by_RSA-SHA256,16.981,2463.36,918.638,1,3,0.2,211.333,24,1101.62,1119.48,2116,2113
1,3,95,RSA-SHA256_signed-by_RSA-SHA256,RSA-SHA256_signed-by_RSA-SHA256,40.434,1034.55,713.443,1,29,1.07407,208.37,24,1593.74,1575.6,2116,2113
1,5,98,RSA-SHA256_signed-by_RSA-SHA256,RSA-SHA256_signed-by_RSA-SHA256,11.167,3746.01,1163.42,1,0,0,138.8,15,1163.81,1108.88,2116,2113
1,1,93,RSA-SHA256_signed-by_RSA-SHA256,RSA-SHA256_signed-by_RSA-SHA256,10.239,4085.52,2104.87,1,17,0.944444,131.333,24,1136.43,1114.19,2116,2113
1,3,96,RSA-SHA256_signed-by_RSA-SHA256,RSA-SHA256_signed-by_RSA-SHA256,8.756,4777.43,2221.97,1,11,0.733333,146.8,24,1126.78,1123.71,2116,2113
1,1,94,RSA-SHA256_signed-by_RSA-SHA256,RSA-SHA256_signed-by_RSA-SHA256,6.214,6731.03,2090.49,0.3,0,0,138.8,24,1161.61,1097.76,2116,2113
1,4,30,RSA-SHA256_signed-by_RSA-SHA256,RSA-SHA256_signed-by_RSA-SHA256,12.694,3295.27,1787.22,0.947368,15,0.789474,118.842,24,1153.68,1095.91,2116,2113
1,5,99,RSA-SHA256_signed-by_RSA-SHA256,RSA-SHA256_signed-by_RSA-SHA256,11.513,3633.34,1671.79,0.625,9,0.5625,119.5,15,1106.87,1096.18,2116,2113
1,3,97,RSA-SHA256_signed-by_RSA-SHA256,RSA-SHA256_signed-by_RSA-SHA256,5.902,7087.04,2599.53,0.214286,7,0.5,118.571,24,1104.18,1099.19,2116,2113
1,1,95,RSA-SHA256_signed-by_RSA-SHA256,RSA-SHA256_signed-by_RSA-SHA256,6.553,6383.08,1982.43,0.3,0,0,138.8,24,1594.43,1555.36,2116,2113
1,4,31,RSA-SHA256_signed-by_RSA-SHA256,RSA-SHA256_signed-by_RSA-SHA256,9.183,4554.92,1442.52,0.272727,0,0,131.818,24,1602.22,1581.84,2116,2113
1,3,98,RSA-SHA256_signed-by_RSA-SHA256,RSA-SHA256_signed-by_RSA-SHA256,5.566,7514.89,2333.94,0.5,0,0,138.8,24,1130.26,1115.37,2116,2113
1,1,96,RSA-SHA256_signed-by_RSA-SHA256,RSA-SHA256_signed-by_RSA-SHA256,8.024,5212.82,1730.63,0.642857,6,0.428571,106.571,24,1134.66,1108.56,2116,2113
1,4,32,RSA-SHA256_signed-by_RSA-SHA256,RSA-SHA256_signed-by_RSA-SHA256,7.533,5552.6,2644.1,0.6,12,0.8,146.267,24,1132.57,1093.44,2116,2113
1,3,99,RSA-SHA256_signed-by_RSA-SHA256,RSA-SHA256_signed-by_RSA-SHA256,7.817,5350.89,1694.6,0.363636,0,0,125.273,24,1130.49,1093.36,2116,2113
1,1,97,RSA-SHA256_signed-by_RSA-SHA256,RSA-SHA256_signed-by_RSA-SHA256,7.003,5972.73,2113.13,0.214286,0,0,166.857,24,1122.27,1095.53,2116,2113
1,4,33,RSA-SHA256_signed-by_RSA-SHA256,RSA-SHA256_signed-by_RSA-SHA256,6.258,6683.83,2876,0.2,7,0.466667,118,24,1128.33,1112.84,2116,2113
1,1,98,RSA-SHA256_signed-by_RSA-SHA256,RSA-SHA256_signed-by_RSA-SHA256,5.475,7639.81,2419.49,0,0,0,125.273,24,1133.59,1092.2,2116,2113
1,4,34,RSA-SHA256_signed-by_RSA-SHA256,RSA-SHA256_signed-by_RSA-SHA256,4.978,8402.48,2661.03,0,0,0,125.273,24,1131.04,1099.13,2116,2113
1,1,99,RSA-SHA256_signed-by_RSA-SHA256,RSA-SHA256_signed-by_RSA-SHA256,5.274,7930.95,2511.69,0,0,0,125.273,24,1116.77,1099.29,2116,2113
1,4,35,RSA-SHA256_signed-by_RSA-SHA256,RSA-SHA256_signed-by_RSA-SHA256,4.609,9075.3,2874.11,0,0,0,125.273,24,1129.13,1085.79,2116,2113
1,4,36,RSA-SHA256_signed-by_RSA-SHA256,RSA-SHA256_signed-by_RSA-SHA256,4.383,9543.52,3022.39,0,0,0,125.273,24,1125.58,1097.82,2116,2113
1,4,37,RSA-SHA256_signed-by_RSA-SHA256,RSA-SHA256_signed-by_RSA-SHA256,4.459,9381.07,2970.94,0,0,0,125.636,24,1121.29,1099.4,2116,2113
1,4,38,RSA-SHA256_signed-by_RSA-SHA256,RSA-SHA256_signed-by_RSA-SHA256,4.246,9851.65,3119.97,0,0,0,125.273,24,1129.31,1098.39,2116,2113
1,4,39,RSA-SHA256_signed-by_RSA-SHA256,RSA-SHA256_signed-by_RSA-SHA256,4.339,9640.5,3053.1,0,0,0,125.273,24,1137.74,1100.63,2116,2113
1,4,40,RSA-SHA256_signed-by_RSA-SHA256,RSA-SHA256_signed-by_RSA-SHA256,4.308,9709.87,3075.07,0,0,0,125.273,24,1134.51,1106.79,2116,2113
1,4,41,RSA-SHA256_signed-by_RSA-SHA256,RSA-SHA256_signed-by_RSA-SHA256,4.438,9425.46,2985,0,0,0,125.273,24,1131.19,1100.39,2116,2113
1,4,42,RSA-SHA256_signed-by_RSA-SHA256,RSA-SHA256_signed-by_RSA-SHA256,4.34,9638.28,3052.4,0,0,0,125.273,24,1129.63,1109.83,2116,2113
1,4,43,RSA-SHA256_signed-by_RSA-SHA256,RSA-SHA256_signed-by_RSA-SHA256,4.317,9689.63,3068.66,0,0,0,125.273,24,1124.42,1099.74,2116,2113
1,4,44,RSA-SHA256_signed-by_RSA-SHA256,RSA-SHA256_signed-by_RSA-SHA256,4.262,9814.67,3108.26,0,0,0,125.273,24,1126.34,1098.84,2116,2113
1,4,45,RSA-SHA256_signed-by_RSA-SHA256,RSA-SHA256_signed-by_RSA-SHA256,4.341,9636.06,3051.7,0,0,0,125.273,24,1144.13,1100.63,2116,2113
1,4,46,RSA-SHA256_signed-by_RSA-SHA256,RSA-SHA256_signed-by_RSA-SHA256,4.418,9468.13,2998.51,0,0,0,125.273,24,1130.53,1111.05,2116,2113
1,4,47,RSA-SHA256_signed-by_RSA-SHA256,RSA-SHA256_signed-by_RSA-SHA256,4.904,8529.85,2701.36,0,0,0,125.273,24,1613.84,1574.69,2116,2113
1,4,48,RSA-SHA256_signed-by_RSA-SHA256,RSA-SHA256_signed-by_RSA-SHA256,4.383,9541.98,3021.9,0,0,0,125.273,24,1124.94,1100.66,2116,2113
1,4,49,RSA-SHA256_signed-by_RSA-SHA256,RSA-SHA256_signed-by_RSA-SHA256,4.359,9596.27,3039.1,0,0,0,125.273,24,1125.6,1098.55,2116,2113
1,4,50,RSA-SHA256_signed-by_RSA-SHA256,RSA-SHA256_signed-by_RSA-SHA256,4.383,9543.73,3022.45,0,0,0,125.273,24,1126.32,1101.58,2116,2113
1,4,51,RSA-SHA256_signed-by_RSA-SHA256,RSA-SHA256_signed-by_RSA-SHA256,4.347,9622.76,3047.48,0,0,0,125.273,24,1126.58,1108.35,2116,2113
1,4,52,RSA-SHA256_signed-by_RSA-SHA256,RSA-SHA256_signed-by_RSA-SHA256,4.425,9453.15,2993.77,0,0,0,125.273,24,1120.82,1099.55,2116,2113
1,4,53,RSA-SHA256_signed-by_RSA-SHA256,RSA-SHA256_signed-by_RSA-SHA256,4.324,9673.95,3063.69,0,0,0,125.273,24,1122.64,1097.55,2116,2113
1,4,54,RSA-SHA256_signed-by_RSA-SHA256,RSA-SHA256_signed-by_RSA-SHA256,4.339,9640.5,3053.1,0,0,0,125.273,24,1124.97,1101.49,2116,2113
1,4,55,RSA-SHA256_signed-by_RSA-SHA256,RSA-SHA256_signed-by_RSA-SHA256,4.371,9569.93,3030.75,0,0,0,125.273,24,1124.9,1103.39,2116,2113
1,4,56,RSA-SHA256_signed-by_RSA-SHA256,RSA-SHA256_signed-by_RSA-SHA256,4.337,9644.95,3054.51,0,0,0,125.273,24,1136.35,1139.04,2116,2113
1,4,57,RSA-SHA256_signed-by_RSA-SHA256,RSA-SHA256_signed-by_RSA-SHA256,4.351,9613.92,3044.68,0,0,0,125.273,24,1125.76,1110.78,2116,2113
1,4,58,RSA-SHA256_signed-by_RSA-SHA256,RSA-SHA256_signed-by_RSA-SHA256,4.327,9667.24,3061.57,0,0,0,125.273,24,1128.07,1098.59,2116,2113
1,4,59,RSA-SHA256_signed-by_RSA-SHA256,RSA-SHA256_signed-by_RSA-SHA256,4.312,9700.87,3072.22,0,0,0,125.273,24,1127.13,1100.32,2116,2113
1,4,60,RSA-SHA256_signed-by_RSA-SHA256,RSA-SHA256_signed-by_RSA-SHA256,4.364,9585.28,3035.61,0,0,0,125.273,24,1128.78,1094.67,2116,2113
1,4,61,RSA-SHA256_signed-by_RSA-SHA256,RSA-SHA256_signed-by_RSA-SHA256,4.373,9565.55,3029.37,0,0,0,125.273,24,1124.34,1100.68,2116,2113
1,4,62,RSA-SHA256_signed-by_RSA-SHA256,RSA-SHA256_signed-by_RSA-SHA256,4.328,9665.01,3060.86,0,0,0,125.273,24,1127.63,1102.29,2116,2113
1,4,63,RSA-SHA256_signed-by_RSA-SHA256,RSA-SHA256_signed-by_RSA-SHA256,4.815,8687.5,2751.29,0,0,0,125.273,24,1609.1,1569.36,2116,2113
1,4,64,RSA-SHA256_signed-by_RSA-SHA256,RSA-SHA256_signed-by_RSA-SHA256,4.268,9800.87,3103.89,0,0,0,125.273,24,1125.41,1096.91,2116,2113
1,4,65,RSA-SHA256_signed-by_RSA-SHA256,RSA-SHA256_signed-by_RSA-SHA256,4.297,9734.73,3082.94,0,0,0,125.273,24,1129.88,1108.24,2116,2113
1,4,66,RSA-SHA256_signed-by_RSA-SHA256,RSA-SHA256_signed-by_RSA-SHA256,4.437,9427.58,2985.67,0,0,0,125.273,24,1123.62,1110.49,2116,2113
1,4,67,RSA-SHA256_signed-by_RSA-SHA256,RSA-SHA256_signed-by_RSA-SHA256,4.507,9281.17,2939.3,0,0,0,125.273,24,1137.11,1108.2,2116,2113
1,4,68,RSA-SHA256_signed-by_RSA-SHA256,RSA-SHA256_signed-by_RSA-SHA256,4.299,9730.2,3081.51,0,0,0,125.273,24,1126.63,1107.28,2116,2113
1,4,69,RSA-SHA256_signed-by_RSA-SHA256,RSA-SHA256_signed-by_RSA-SHA256,4.342,9633.84,3050.99,0,0,0,125.273,24,1149.07,1102.38,2116,2113
1,4,70,RSA-SHA256_signed-by_RSA-SHA256,RSA-SHA256_signed-by_RSA-SHA256,4.368,9576.5,3032.83,0,0,0,125.273,24,1129.85,1099.78,2116,2113
1,4,71,RSA-SHA256_signed-by_RSA-SHA256,RSA-SHA256_signed-by_RSA-SHA256,5.687,7354.72,2329.21,0,0,0,125.273,24,1122.77,1101,2116,2113
1,4,72,RSA-SHA256_signed-by_RSA-SHA256,RSA-SHA256_signed-by_RSA-SHA256,4.423,9457.42,2995.12,0,0,0,125.273,24,1129.28,1104.36,2116,2113
1,4,73,RSA-SHA256_signed-by_RSA-SHA256,RSA-SHA256_signed-by_RSA-SHA256,4.401,9504.7,3010.09,0,0,0,125.273,24,1151.93,1096.4,2116,2113
1,4,74,RSA-SHA256_signed-by_RSA-SHA256,RSA-SHA256_signed-by_RSA-SHA256,4.383,9543.73,3022.45,0,0,0,125.273,24,1135.82,1100.32,2116,2113
1,4,75,RSA-SHA256_signed-by_RSA-SHA256,RSA-SHA256_signed-by_RSA-SHA256,4.338,9642.73,3053.81,0,0,0,125.273,24,1130.53,1099.77,2116,2113
1,4,76,RSA-SHA256_signed-by_RSA-SHA256,RSA-SHA256_signed-by_RSA-SHA256,4.445,9410.62,2980.3,0,0,0,125.273,24,1130.3,1165,2116,2113
1,4,77,RSA-SHA256_signed-by_RSA-SHA256,RSA-SHA256_signed-by_RSA-SHA256,4.385,9539.38,3021.08,0,0,0,125.273,24,1125.92,1098,2116,2113
1,4,78,RSA-SHA256_signed-by_RSA-SHA256,RSA-SHA256_signed-by_RSA-SHA256,4.37,9572.12,3031.45,0,0,0,125.273,24,1136.38,1100.86,2116,2113
1,4,79,RSA-SHA256_signed-by_RSA-SHA256,RSA-SHA256_signed-by_RSA-SHA256,4.878,8575.31,2715.76,0,0,0,125.273,24,1609.04,1569.16,2116,2113
1,4,80,RSA-SHA256_signed-by_RSA-SHA256,RSA-SHA256_signed-by_RSA-SHA256,4.289,9752.89,3088.69,0,0,0,125.273,24,1128.02,1123.09,2116,2113
1,4,81,RSA-SHA256_signed-by_RSA-SHA256,RSA-SHA256_signed-by_RSA-SHA256,4.278,9777.96,3096.64,0,0,0,125.273,24,1184.31,1097.37,2116,2113
1,4,82,RSA-SHA256_signed-by_RSA-SHA256,RSA-SHA256_signed-by_RSA-SHA256,4.423,9457.42,2995.12,0,0,0,125.273,24,1123.92,1134.36,2116,2113
1,4,83,RSA-SHA256_signed-by_RSA-SHA256,RSA-SHA256_signed-by_RSA-SHA256,4.466,9366.37,2966.29,0,0,0,125.273,24,1122.14,1101.96,2116,2113
1,4,84,RSA-SHA256_signed-by_RSA-SHA256,RSA-SHA256_signed-by_RSA-SHA256,4.425,9453.15,2993.77,0,0,0,125.273,24,1129.18,1100.09,2116,2113
1,4,85,RSA-SHA256_signed-by_RSA-SHA256,RSA-SHA256_signed-by_RSA-SHA256,4.316,9691.88,3069.37,0,0,0,125.273,24,1122.99,1104.32,2116,2113
1,4,86,RSA-SHA256_signed-by_RSA-SHA256,RSA-SHA256_signed-by_RSA-SHA256,4.328,9665.01,3060.86,0,0,0,125.273,24,1127.06,1097.02,2116,2113
1,4,87,RSA-SHA256_signed-by_RSA-SHA256,RSA-SHA256_signed-by_RSA-SHA256,4.305,9716.64,3077.21,0,0,0,125.273,24,1127.02,1100.08,2116,2113
1,4,88,RSA-SHA256_signed-by_RSA-SHA256,RSA-SHA256_signed-by_RSA-SHA256,4.329,9662.77,3060.16,0,0,0,125.273,24,1126.33,1099.34,2116,2113
1,4,89,RSA-SHA256_signed-by_RSA-SHA256,RSA-SHA256_signed-by_RSA-SHA256,4.316,9691.88,3069.37,0,0,0,125.273,24,1126.41,1100.8,2116,2113
1,4,90,RSA-SHA256_signed-by_RSA-SHA256,RSA-SHA256_signed-by_RSA-SHA256,4.346,9624.98,3048.19,0,0,0,125.273,24,1128.53,1097.81,2116,2113
1,4,91,RSA-SHA256_signed-by_RSA-SHA256,RSA-SHA256_signed-by_RSA-SHA256,4.374,9563.37,3028.67,0,0,0,125.273,24,1132.72,1099.01,2116,2113
1,4,92,RSA-SHA256_signed-by_RSA-SHA256,RSA-SHA256_signed-by_RSA-SHA256,4.339,9640.5,3053.1,0,0,0,125.273,24,1123.24,1099.46,2116,2113
1,4,93,RSA-SHA256_signed-by_RSA-SHA256,RSA-SHA256_signed-by_RSA-SHA256,4.338,9642.73,3053.81,0,0,0,125.273,24,1141.18,1108.46,2116,2113
1,4,94,RSA-SHA256_signed-by_RSA-SHA256,RSA-SHA256_signed-by_RSA-SHA256,5.731,7298.26,2311.33,0,0,0,125.273,24,1120.69,1101.58,2116,2113
1,4,95,RSA-SHA256_signed-by_RSA-SHA256,RSA-SHA256_signed-by_RSA-SHA256,4.853,8619.48,2729.75,0,0,0,125.273,24,1614.86,1574.56,2116,2113
1,4,96,RSA-SHA256_signed-by_RSA-SHA256,RSA-SHA256_signed-by_RSA-SHA256,4.236,9874.91,3127.34,0,0,0,125.273,24,1126.65,1095.96,2116,2113
1,4,97,RSA-SHA256_signed-by_RSA-SHA256,RSA-SHA256_signed-by_RSA-SHA256,4.793,8727.38,2763.92,0,0,0,212.545,24,1127.47,1099.59,2116,2113
1,4,98,RSA-SHA256_signed-by_RSA-SHA256,RSA-SHA256_signed-by_RSA-SHA256,4.353,9609.5,3043.28,0,0,0,125.273,24,1121.98,1101.3,2116,2113
1,4,99,RSA-SHA256_signed-by_RSA-SHA256,RSA-SHA256_signed-by_RSA-SHA256,4.315,9694.12,3070.08,0,0,0,125.273,24,1109.18,1107.34,2116,2113
1,2,64,RSA-SHA256_signed-by_RSA-SHA256,RSA-SHA256_signed-by_RSA-SHA256,3003.88,13.926,16.536,1,50,1.19048,299.619,24,1136.32,1108.04,2116,2113
1,2,65,RSA-SHA256_signed-by_RSA-SHA256,RSA-SHA256_signed-by_RSA-SHA256,4.417,9470.27,2999.19,0,0,0,125.273,24,1153.67,1101.94,2116,2113
1,2,66,RSA-SHA256_signed-by_RSA-SHA256,RSA-SHA256_signed-by_RSA-SHA256,4.311,9703.12,3072.93,0,0,0,125.273,24,1144.09,1100.43,2116,2113
1,2,67,RSA-SHA256_signed-by_RSA-SHA256,RSA-SHA256_signed-by_RSA-SHA256,4.26,9819.28,3109.72,0,0,0,125.273,24,1137.24,1106.38,2116,2113
1,2,68,RSA-SHA256_signed-by_RSA-SHA256,RSA-SHA256_signed-by_RSA-SHA256,4.337,9644.95,3054.51,0,0,0,125.273,24,1169.2,1115.98,2116,2113
1,2,69,RSA-SHA256_signed-by_RSA-SHA256,RSA-SHA256_signed-by_RSA-SHA256,4.306,9714.38,3076.5,0,0,0,125.273,24,1134.39,1106.38,2116,2113
1,2,70,RSA-SHA256_signed-by_RSA-SHA256,RSA-SHA256_signed-by_RSA-SHA256,4.365,9583.08,3034.92,0,0,0,125.273,24,1120.54,1100.79,2116,2113
1,2,71,RSA-SHA256_signed-by_RSA-SHA256,RSA-SHA256_signed-by_RSA-SHA256,4.225,9900.62,3135.48,0,0,0,125.273,24,1142.19,1106.97,2116,2113
1,2,72,RSA-SHA256_signed-by_RSA-SHA256,RSA-SHA256_signed-by_RSA-SHA256,4.32,9682.9,3066.53,0,0,0,125.273,24,1134.53,1110.47,2116,2113
1,2,73,RSA-SHA256_signed-by_RSA-SHA256,RSA-SHA256_signed-by_RSA-SHA256,4.345,9627.19,3048.89,0,0,0,126.364,24,1138.18,1102.36,2116,2113
1,2,74,RSA-SHA256_signed-by_RSA-SHA256,RSA-SHA256_signed-by_RSA-SHA256,4.371,9569.93,3030.75,0,0,0,125.273,24,1135.71,1102.01,2116,2113
1,2,75,RSA-SHA256_signed-by_RSA-SHA256,RSA-SHA256_signed-by_RSA-SHA256,4.296,9736.99,3083.66,0,0,0,125.273,24,1139.67,1099.59,2116,2113
1,2,76,RSA-SHA256_signed-by_RSA-SHA256,RSA-SHA256_signed-by_RSA-SHA256,4.353,9609.5,3043.28,0,0,0,125.273,24,1136.7,1101.14,2116,2113
1,2,77,RSA-SHA256_signed-by_RSA-SHA256,RSA-SHA256_signed-by_RSA-SHA256,4.229,9891.25,3132.51,0,0,0,125.273,24,1128.09,1103.51,2116,2113
1,2,78,RSA-SHA256_signed-by_RSA-SHA256,RSA-SHA256_signed-by_RSA-SHA256,4.281,9771.11,3094.47,0,0,0,125.273,24,1155.34,1100.62,2116,2113
1,2,79,RSA-SHA256_signed-by_RSA-SHA256,RSA-SHA256_signed-by_RSA-SHA256,4.764,8780.5,2780.74,0,0,0,125.273,24,1601.48,1594.35,2116,2113
1,2,80,RSA-SHA256_signed-by_RSA-SHA256,RSA-SHA256_signed-by_RSA-SHA256,4.386,9537.2,3020.39,0,0,0,125.273,24,1148.76,1104.85,2116,2113
1,2,81,RSA-SHA256_signed-by_RSA-SHA256,RSA-SHA256_signed-by_RSA-SHA256,5.941,7041.01,2229.86,0,0,0,125.273,24,1138.33,1115.33,2116,2113
1,2,82,RSA-SHA256_signed-by_RSA-SHA256,RSA-SHA256_signed-by_RSA-SHA256,4.331,9658.31,3058.74,0,0,0,125.273,24,1175.9,1103.79,2116,2113
1,2,83,RSA-SHA256_signed-by_RSA-SHA256,RSA-SHA256_signed-by_RSA-SHA256,4.366,9580.89,3034.22,0,0,0,125.273,24,1126.94,1100.09,2116,2113
1,2,84,RSA-SHA256_signed-by_RSA-SHA256,RSA-SHA256_signed-by_RSA-SHA256,4.454,9391.6,2974.28,0,0,0,125.273,24,1139.74,1102.58,2116,2113
1,2,85,RSA-SHA256_signed-by_RSA-SHA256,RSA-SHA256_signed-by_RSA-SHA256,4.206,9945.34,3149.64,0,0,0,125.273,24,1141.9,1106.07,2116,2113
1,2,86,RSA-SHA256_signed-by_RSA-SHA256,RSA-SHA256_signed-by_RSA-SHA256,4.346,9624.98,3048.19,0,0,0,125.273,24,1134.55,1101.07,2116,2113
1,2,87,RSA-SHA256_signed-by_RSA-SHA256,RSA-SHA256_signed-by_RSA-SHA256,4.277,9780.25,3097.36,0,0,0,125.273,24,1132.78,1103.35,2116,2113
1,2,88,RSA-SHA256_signed-by_RSA-SHA256,RSA-SHA256_signed-by_RSA-SHA256,4.356,9602.88,3041.19,0,0,0,125.273,24,1131.6,1122.85,2116,2113
1,2,89,RSA-SHA256_signed-by_RSA-SHA256,RSA-SHA256_signed-by_RSA-SHA256,4.301,9725.68,3080.08,0,0,0,125.273,24,1133.83,1099.21,2116,2113
1,2,90,RSA-SHA256_signed-by_RSA-SHA256,RSA-SHA256_signed-by_RSA-SHA256,4.295,9739.26,3084.38,0,0,0,125.273,24,1149.06,1102.05,2116,2113
1,2,91,RSA-SHA256_signed-by_RSA-SHA256,RSA-SHA256_signed-by_RSA-SHA256,4.251,9840.06,3116.3,0,0,0,125.273,24,1136.16,1100.75,2116,2113
1,2,92,RSA-SHA256_signed-by_RSA-SHA256,RSA-SHA256_signed-by_RSA-SHA256,4.323,9676.18,3064.4,0,0,0,125.273,24,1131.23,1099.3,2116,2113
1,2,93,RSA-SHA256_signed-by_RSA-SHA256,RSA-SHA256_signed-by_RSA-SHA256,4.38,9550.27,3024.52,0,0,0,125.273,24,1174.07,1104.62,2116,2113
1,2,94,RSA-SHA256_signed-by_RSA-SHA256,RSA-SHA256_signed-by_RSA-SHA256,4.272,9791.69,3100.98,0,0,0,125.273,24,1128.21,1106.64,2116,2113
1,2,95,RSA-SHA256_signed-by_RSA-SHA256,RSA-SHA256_signed-by_RSA-SHA256,7.538,5549.34,1757.45,0,0,0,128.545,24,1608.73,1565.66,2116,2113
1,2,96,RSA-SHA256_signed-by_RSA-SHA256,RSA-SHA256_signed-by_RSA-SHA256,4.196,9969.04,3157.15,0,0,0,125.273,24,1129.11,1101.4,2116,2113
1,2,97,RSA-SHA256_signed-by_RSA-SHA256,RSA-SHA256_signed-by_RSA-SHA256,4.41,9485.3,3003.95,0,0,0,125.273,24,1135.58,1104.97,2116,2113
1,2,98,RSA-SHA256_signed-by_RSA-SHA256,RSA-SHA256_signed-by_RSA-SHA256,4.292,9746.07,3086.53,0,0,0,125.273,24,1131.26,1139.02,2116,2113
1,2,99,RSA-SHA256_signed-by_RSA-SHA256,RSA-SHA256_signed-by_RSA-SHA256,4.299,9730.2,3081.51,0,0,0,125.273,24,1110.85,1097.79,2116,2113
